500 50 3000 25 1000
276 249 206 65 15 84 63 216 65 249 20 12 292 240 263 5 26 156 221 15 20 8 88 255 89 128 73 206 9 24 200 99 12 274 30 24 291 62 60 170 179 80 131 3 216 127 59 64 114 157 70 223 192 49 205 205 48 232 266 149 102 196 188 135 146 242 94 107 232 91 83 32 269 40 35 56 19 255 221 297 215 100 187 200 40 299 142 155 260 172 295 240 124 263 80 156 81 40 69 175 293 183 244 161 71 258 4 243 10 156 281 137 112 75 258 61 27 43 84 195 299 198 31 173 173 24 257 116 102 259 232 270 90 122 227 282 269 202 173 64 120 169 232 261 226 237 6 214 65 30 152 21 194 218 79 85 16 218 3 206 53 73 254 178 266 196 150 98 201 258 14 76 296 91 178 183 78 248 64 97 90 205 172 17 64 187 279 58 37 155 154 39 204 286 34 158 276 131 28 262 94 198 259 102 70 284 139 268 269 295 6 69 197 189 39 246 279 44 216 222 96 42 12 245 246 29 169 112 123 61 116 268 193 66 143 299 256 75 135 9 27 123 169 76 260 213 181 296 232 199 156 112 79 96 115 139 175 130 61 290 204 57 184 273 55 232 258 195 194 216 7 63 254 146 248 269 175 264 258 2 280 291 1 25 171 168 130 293 263 297 76 142 267 266 138 285 128 49 27 213 213 242 282 83 118 279 209 114 263 173 88 246 210 88 93 106 118 283 299 13 99 44 131 53 116 66 240 247 62 64 141 234 242 101 106 163 207 290 299 130 52 141 162 127 147 234 146 198 21 84 39 105 231 122 157 207 298 11 240 185 233 95 24 45 110 150 71 229 183 257 22 134 275 281 126 80 62 96 190 64 46 258 171 67 27 194 79 165 231 132 38 159 246 286 252 82 95 115 195 62 251 174 293 257 276 84 273 73 105 30 215 202 79 243 131 221 236 230 169 23 24 40 161 243 163 214 57 105 182 8 34 130 13 108 230 90 166 240 107 136 85 160 105 94 47 221 56 178 256 12 286 163 188 279 162 67 131 117 50 209 256 222 212 180 3 42 227 13 141 19 213 46 60 163 202 42 252 191 266 202 73 53 137 223 35 73 1 146 241 262 269 285 128 198 189 282 4 41 161 260
2531 18
23 233
24 266
3 70
4 112
20 128
18 319
6 361
2 288
22 204
21 287
11 60
0 180
9 394
14 194
8 331
19 311
7 39
10 230
2285 18
13 12
6 135
9 258
10 379
15 209
3 111
21 146
1 343
20 274
5 383
17 63
22 345
8 272
16 100
2 126
4 122
19 37
12 145
2848 18
14 297
19 375
0 7
22 157
3 235
1 223
8 67
6 76
9 312
15 181
13 310
23 92
11 61
12 269
21 231
24 354
10 42
16 387
2764 18
4 96
10 86
3 15
19 158
7 386
21 311
18 108
5 150
11 43
17 211
9 146
8 216
2 233
1 129
15 59
12 124
13 394
22 24
1942 18
2 250
6 129
23 328
17 258
19 317
4 220
24 19
0 38
8 327
18 74
13 116
3 6
1 300
10 112
11 228
21 155
9 39
12 244
2946 18
8 123
14 296
7 365
11 357
5 316
0 83
20 220
19 58
17 275
10 284
1 254
12 253
3 66
21 300
22 25
6 289
2 95
24 295
2337 18
20 354
5 20
7 205
21 323
16 241
12 378
2 76
9 255
8 328
17 154
24 57
0 151
18 108
4 228
22 66
13 145
11 58
15 390
2089 18
19 379
6 89
12 55
11 37
18 217
0 226
1 305
20 95
5 396
23 114
21 302
10 102
13 353
16 252
17 166
4 330
2 296
15 120
2788 18
23 197
17 199
12 188
4 297
1 35
20 16
0 36
24 186
14 85
2 40
21 362
9 82
15 338
11 273
10 84
13 170
22 375
8 266
2855 18
6 52
1 289
7 226
18 350
10 95
2 171
9 340
21 151
15 149
23 180
17 223
24 108
3 391
22 101
0 136
5 229
14 44
8 378
2311 18
1 126
12 118
24 386
5 52
19 216
23 334
8 313
18 319
0 39
13 177
14 145
22 57
17 269
3 298
4 266
16 311
21 230
20 121
2703 18
13 329
1 313
8 242
7 112
10 384
6 39
11 314
12 312
19 6
14 76
2 392
9 145
5 212
16 217
3 121
18 215
4 144
15 201
2265 18
13 89
5 68
15 16
21 75
3 156
16 378
0 289
24 355
22 299
23 270
20 200
1 327
9 169
19 351
4 206
14 176
17 399
2 169
1421 18
0 40
12 88
8 315
21 268
11 364
2 345
18 331
6 222
7 286
15 143
9 358
20 110
10 245
4 386
16 209
22 52
3 76
1 267
2070 18
2 292
3 184
23 393
9 290
6 369
13 24
24 288
14 115
17 256
1 117
5 75
8 220
19 336
21 278
22 126
0 396
4 56
12 182
1236 18
24 279
11 135
6 394
22 331
21 393
0 391
2 226
12 362
23 88
17 175
15 394
5 103
20 387
4 264
9 296
18 16
3 94
13 304
1619 18
21 29
10 41
3 397
9 172
0 140
15 364
11 320
6 69
13 357
5 314
24 51
7 57
16 87
23 35
1 66
20 60
18 109
19 299
1506 18
14 357
3 387
4 247
16 185
19 250
21 214
11 235
6 285
10 101
22 82
20 392
9 99
5 344
2 341
17 101
8 171
7 236
12 2
1763 18
7 174
11 311
3 52
1 48
10 296
5 144
12 386
18 363
13 214
23 178
2 318
17 179
21 307
4 139
20 147
14 372
8 225
16 249
801 18
17 298
15 286
7 365
14 66
2 325
6 300
10 304
19 235
9 72
4 110
23 357
11 102
0 19
22 100
5 369
21 219
18 223
13 241
1953 18
1 272
19 395
10 60
20 360
4 191
3 247
14 39
17 340
21 335
22 124
0 28
16 26
13 260
11 57
15 221
2 353
6 186
18 115
2719 18
11 324
8 9
21 44
1 279
10 171
4 122
6 31
16 23
22 226
17 268
14 8
5 236
15 393
20 311
9 395
13 265
23 235
7 178
2429 18
19 276
11 236
14 350
10 95
17 125
16 86
21 178
22 275
8 230
24 33
9 363
18 54
1 235
0 352
5 125
13 302
3 226
15 115
2602 18
13 129
8 50
11 62
2 270
1 90
21 147
9 243
22 33
4 333
14 101
20 196
19 145
6 169
23 31
5 279
16 155
7 354
15 204
2152 18
16 109
8 207
18 197
21 126
3 400
12 195
11 162
1 178
20 179
17 131
0 263
13 132
14 112
6 261
23 53
4 350
9 246
24 290
1960 18
16 255
18 361
21 182
6 317
10 133
9 372
23 397
0 94
5 180
8 267
1 256
7 345
15 119
14 390
24 226
12 140
3 200
20 171
2861 18
15 114
3 142
0 398
18 182
5 182
22 145
20 193
21 334
4 48
12 56
10 131
1 161
14 321
16 272
11 123
13 315
17 163
9 370
2378 18
14 264
3 283
10 107
1 90
7 50
16 36
0 68
24 147
17 87
11 306
22 54
13 52
20 210
9 182
8 106
23 159
21 346
19 296
1292 18
6 222
17 300
10 68
15 262
3 123
20 225
16 164
1 163
11 208
13 344
2 19
19 209
21 224
4 81
7 221
24 203
12 20
0 91
1442 18
11 39
2 319
17 294
4 350
5 92
23 354
18 104
24 227
0 188
7 261
22 33
16 121
14 340
8 225
19 371
21 56
20 109
13 348
1496 18
10 278
16 145
1 132
12 126
8 285
6 90
22 307
2 252
24 380
21 7
4 13
9 270
17 296
5 242
23 240
13 169
7 131
3 311
2089 18
10 270
12 12
4 134
14 295
5 373
0 364
20 146
11 258
17 164
21 158
19 97
8 150
15 316
22 250
24 80
7 72
2 217
13 388
1973 18
22 275
19 87
9 277
1 261
13 229
11 261
24 13
17 296
18 213
20 109
21 40
3 151
23 277
2 72
15 35
12 151
7 303
6 70
2124 18
8 107
15 56
19 192
3 19
14 245
21 100
12 392
4 205
6 29
0 180
5 198
18 318
23 376
16 36
22 145
7 77
24 349
1 345
530 18
5 252
17 169
8 120
13 38
19 8
7 161
14 283
0 299
12 101
22 208
3 208
23 7
9 211
21 177
20 255
24 374
4 283
6 335
2765 18
11 189
19 336
16 109
1 265
12 231
10 290
23 372
13 15
6 296
15 27
9 94
24 17
18 126
20 202
17 120
8 121
21 302
3 268
1815 18
23 206
13 275
8 196
20 332
21 20
0 51
15 81
18 395
3 111
1 8
22 369
2 161
19 281
4 241
12 368
16 175
5 86
24 103
2286 18
7 319
1 70
5 126
14 297
8 114
2 400
20 66
0 55
17 385
18 24
12 184
19 64
11 206
15 368
22 207
10 298
6 298
9 50
1519 18
18 85
24 101
15 91
14 224
16 13
10 239
22 11
23 264
12 229
2 365
5 282
8 125
21 18
20 240
11 256
19 33
9 82
17 58
802 18
24 143
21 108
9 387
6 66
22 395
0 128
2 12
10 81
3 334
17 40
5 56
7 99
8 356
23 317
11 324
16 73
14 387
20 329
2521 18
14 51
23 267
16 47
0 169
19 57
15 366
20 299
18 14
3 335
4 265
1 92
24 65
5 145
9 290
2 212
22 122
11 390
10 238
2130 18
24 130
22 18
1 150
0 42
12 231
5 311
17 262
23 377
4 324
11 111
14 341
9 202
3 284
15 304
16 291
7 40
2 119
8 13
2085 18
17 87
13 340
22 6
21 208
10 119
4 57
23 390
11 51
14 269
15 101
8 377
3 313
0 257
9 137
16 94
7 35
24 232
6 269
1356 18
11 251
15 390
14 224
21 177
17 335
3 213
2 54
0 400
16 177
22 355
5 162
24 160
12 353
1 268
9 191
18 68
23 77
13 160
827 18
9 222
19 141
4 56
21 298
5 287
24 332
1 236
3 386
14 352
15 149
12 305
10 393
2 291
8 387
16 189
22 166
20 72
0 174
2800 18
0 172
1 342
6 371
5 237
20 145
23 342
22 58
24 12
10 16
3 251
2 130
15 71
18 14
8 353
16 33
9 52
4 14
14 235
2544 18
2 147
17 110
4 190
7 7
22 387
11 372
12 11
8 203
14 351
19 52
5 253
23 344
15 59
24 251
16 351
13 334
0 210
3 3
2765 18
21 52
14 141
13 94
4 55
23 157
16 320
7 312
9 118
17 275
19 367
0 398
15 158
2 317
1 288
6 336
5 277
22 148
11 312
2478 18
5 50
3 398
15 63
6 331
18 290
12 65
24 30
20 159
22 119
1 398
16 274
8 375
13 138
9 339
21 141
7 313
11 63
23 240
1830 18
2 138
23 347
20 291
9 329
8 162
14 112
1 284
5 304
12 308
19 17
0 317
17 225
4 81
21 252
13 310
24 241
6 84
7 3
267 35 2748
153 29 6965
130 21 726
81 0 9044
155 17 8469
321 34 2319
415 5 4014
179 4 6422
155 24 1585
266 28 3065
135 36 9090
179 17 7999
282 34 6038
135 37 4712
296 1 8571
382 24 6843
234 24 8707
135 41 6420
327 38 8251
327 36 1211
179 35 2953
454 2 6487
14 33 2576
179 30 852
130 44 5733
465 9 7630
148 49 2178
334 12 5516
193 1 6650
135 8 4770
440 18 847
235 49 5293
135 14 294
196 30 9131
159 12 5817
162 42 1296
4 40 6639
296 24 4304
135 10 8401
135 48 6874
231 5 6462
18 43 7327
179 33 7483
34 22 1370
213 9 6132
155 28 4873
267 38 8708
434 49 2763
369 16 4960
327 33 5846
155 38 8610
415 22 7035
155 31 941
135 47 502
454 34 7069
405 19 9593
155 33 3185
142 24 3080
334 41 5534
464 14 6645
135 33 7394
415 34 8131
141 39 5769
179 24 3461
162 3 4792
179 26 5921
135 45 2109
40 11 3226
4 1 9519
179 0 3375
300 3 2541
40 26 4772
155 22 4739
171 15 7432
179 34 7164
135 29 4579
381 9 2663
3 6 3414
179 22 1293
399 13 1822
78 41 498
178 28 8984
327 39 9115
356 35 2641
237 33 6184
179 21 1540
368 7 9381
305 33 7581
38 41 2255
129 33 3427
435 13 8431
231 40 5216
4 17 6007
179 8 8567
435 35 4250
135 26 3980
162 34 5449
356 34 8332
405 42 4435
296 29 8451
18 29 1715
135 44 3433
179 40 2618
267 24 1847
179 9 4890
87 6 3948
200 0 1685
178 40 3576
155 21 6820
179 36 8857
179 11 2163
34 45 9092
135 21 5974
334 31 1284
222 47 2676
133 9 1445
155 11 5019
434 22 3925
370 14 2532
155 16 8764
266 9 781
179 12 7239
355 11 9081
129 5 207
155 37 9190
153 33 3767
484 2 4592
391 2 6763
179 6 647
297 16 6735
135 4 9801
300 14 4554
258 14 5511
327 20 7552
266 5 6967
81 16 5401
334 42 2215
135 0 4075
11 31 5765
194 42 9052
178 43 7301
179 29 7500
135 49 5196
129 20 9931
208 31 3143
162 44 4045
279 46 6189
179 3 3434
361 16 4392
137 24 7117
278 37 1671
415 11 5065
112 2 2186
4 22 697
327 1 1953
102 6 158
454 20 8066
179 13 5901
327 15 9151
172 35 4720
76 48 624
331 33 2334
171 1 6186
334 34 3907
155 20 5120
135 12 9993
179 49 2634
129 12 1608
171 45 5303
199 6 1567
14 1 8948
132 3 2638
301 10 6558
327 41 9387
179 10 5543
263 10 3322
129 41 5337
179 42 6204
405 4 169
415 40 3827
267 48 6142
179 20 9503
147 4 1365
129 15 6100
150 37 7505
29 39 9988
75 19 7599
327 21 1468
179 47 5631
158 1 959
355 3 2084
480 41 8239
222 6 7453
196 24 3920
232 49 1685
128 9 3375
454 38 6582
355 34 299
162 6 8574
186 49 8180
162 16 7019
481 44 3537
17 42 8415
303 14 7228
135 32 8663
471 0 1301
162 19 3562
179 41 2697
282 17 3001
258 15 8329
179 23 8499
391 7 9119
263 28 3074
56 16 3756
287 3 628
327 2 9026
135 42 6212
57 33 5519
179 43 4931
383 2 2299
135 9 3642
179 25 8615
179 1 2175
320 15 7325
57 39 7148
334 8 9468
132 35 9905
410 4 8730
456 14 79
480 46 4843
135 2 9652
356 33 2586
220 47 1511
258 49 7816
155 30 1727
337 33 9270
212 16 6063
363 49 9006
179 7 2959
213 21 3100
303 41 8937
388 49 1089
179 28 9727
8 13 7403
159 44 4782
135 27 5370
283 18 1444
179 19 4727
135 35 7720
325 12 5587
27 8 3622
170 14 8044
52 43 5324
16 5 6441
278 14 8219
162 12 6532
34 49 5587
296 3 7235
84 3 525
135 40 320
135 15 5430
440 22 2861
135 24 5650
266 23 8885
334 46 9154
57 6 8143
327 22 3558
103 6 4838
57 32 2731
119 48 364
159 10 4475
466 40 9805
266 41 1717
4 49 2887
327 26 1190
450 17 2432
227 48 5116
235 31 6367
327 7 4727
168 49 5400
4 36 937
81 2 2830
179 45 8461
415 18 8716
355 38 9838
434 36 400
162 43 8851
378 29 5682
258 44 9197
263 34 4468
4 29 5856
103 25 4953
110 14 8981
284 9 150
296 6 6218
135 19 3794
179 31 3082
87 25 2761
179 32 8534
324 20 5815
178 25 2305
227 29 5135
325 10 4068
272 47 2466
129 24 5933
171 17 4815
189 1 3310
155 42 8852
278 28 9429
450 14 2163
135 16 5535
129 35 4951
179 15 7441
162 1 2663
50 40 1374
16 7 830
484 17 6529
296 22 98
139 3 9229
300 40 1619
361 8 644
405 28 4745
440 15 4923
4 38 2938
113 6 6149
178 16 6788
382 25 9461
135 3 7281
129 23 3202
266 39 9595
283 43 4582
16 39 8037
448 23 8938
440 0 7175
354 9 8533
334 45 745
40 27 3894
16 12 7645
415 14 1660
77 17 7488
130 39 3811
162 30 7665
286 43 8165
159 16 5230
387 34 1467
331 2 2252
186 34 8366
398 8 838
135 20 6976
129 29 9515
258 30 472
4 6 9079
415 31 3808
148 13 4023
16 44 8667
405 3 2336
354 29 4035
180 46 3750
327 44 7374
179 14 423
300 32 5628
449 1 4458
139 17 992
374 10 6777
58 31 6417
439 33 668
337 36 1654
402 48 977
480 36 5051
235 37 6693
178 14 2684
208 3 5981
266 2 9206
288 4 8833
135 7 8455
149 26 230
171 35 9525
316 18 933
354 31 854
234 28 7144
471 6 6852
159 15 2929
31 13 8656
155 47 3115
284 37 2829
155 39 4095
334 18 4136
179 5 81
135 30 1157
327 4 9550
480 23 6387
194 36 974
129 45 6251
178 32 3003
327 13 74
135 6 3323
135 17 1061
57 2 7749
296 41 449
256 13 4006
167 18 6877
471 43 3973
171 29 2659
480 45 4225
57 12 7410
1 7 485
139 6 5375
480 20 5474
132 49 7664
34 46 3811
162 0 5868
178 15 6451
355 26 85
6 49 1301
410 1 8208
103 32 3245
6 42 1328
171 48 6166
81 22 4426
454 14 9115
29 6 9685
270 29 6686
203 24 4490
334 43 9719
155 7 4568
361 46 2150
4 13 8924
84 0 970
179 37 5145
235 4 7797
135 22 1701
327 27 2281
162 48 8593
117 8 7171
179 38 5064
40 12 5290
237 17 9014
179 18 8285
320 6 1208
86 22 7006
226 33 5922
127 10 519
155 0 3356
4 43 4520
162 26 3647
178 38 8885
334 22 7366
369 46 4247
471 23 749
440 20 3349
296 33 1987
110 5 3167
173 18 9173
208 22 2106
256 47 310
150 11 2245
250 13 6132
432 2 9893
110 41 2681
23 42 9191
171 47 522
327 28 4814
484 43 9487
458 21 7365
57 13 1470
267 39 1009
4 48 1710
445 6 8492
369 14 7665
298 18 1829
171 43 4401
321 42 3736
351 21 1201
296 5 7636
480 15 5939
254 7 2269
258 8 5591
162 33 1288
78 36 4722
72 36 3558
84 40 8228
489 38 6508
367 49 1968
135 1 7241
466 7 2206
313 27 7973
21 15 1019
334 38 6539
456 12 1669
383 6 731
78 46 184
454 48 4596
454 45 708
179 39 5704
129 32 9703
128 8 1751
155 2 5916
327 23 6441
320 39 5596
4 27 8301
58 36 1949
81 35 5284
327 32 9346
266 12 1967
158 37 1747
129 21 3008
155 32 5903
470 46 8988
463 12 1340
327 37 6192
321 12 5962
342 16 629
171 12 236
487 40 8220
52 25 3882
440 21 7672
333 31 5784
415 48 4149
213 38 5791
434 16 9521
334 33 3550
57 43 7899
150 8 3597
171 21 392
178 5 5967
256 18 391
155 1 963
354 1 1968
4 9 3725
405 11 8747
3 44 8696
367 30 3842
303 1 6651
34 6 4970
296 45 2248
363 2 9509
81 10 4170
450 3 7792
367 40 5572
179 46 4866
367 39 7977
484 29 6029
162 23 835
179 44 9248
155 3 8765
178 31 3967
480 37 64
456 33 6251
266 44 3391
37 38 5923
155 15 5160
172 22 9179
442 18 3470
484 14 4039
444 29 8764
246 31 4680
178 33 4196
399 43 3346
170 21 1711
236 2 5828
84 38 5478
16 2 2419
349 16 6310
473 40 106
1 32 8006
435 45 9616
295 11 5120
107 49 9691
355 7 7189
220 16 9346
61 12 4524
466 29 2230
434 37 730
129 26 8756
475 5 9365
470 4 1724
458 18 6648
88 24 2789
81 11 4986
440 13 5870
68 22 5940
57 5 6980
145 5 890
472 43 7222
367 35 8090
296 38 693
471 38 7186
405 13 1995
171 49 459
137 27 6170
9 23 6510
139 10 9348
448 27 5119
162 41 7157
110 42 5056
171 37 2888
34 32 3510
297 33 1555
367 9 9006
162 38 3268
449 35 3569
167 36 8493
4 14 3879
355 36 9118
286 27 2198
57 11 9751
405 46 888
172 0 765
40 8 8707
352 27 2822
300 34 3596
254 27 6615
162 10 9492
484 35 6732
127 0 8884
196 40 6718
367 21 8831
488 43 5053
480 1 7194
418 26 2803
110 2 3623
286 19 7647
34 26 2114
321 6 2083
277 15 9262
8 32 4639
196 12 2882
227 17 6926
380 6 8408
79 32 731
6 0 6250
171 7 1777
78 1 6350
382 27 1090
296 43 7637
103 8 8822
334 4 864
488 20 746
178 3 9552
85 12 3193
248 41 7899
245 21 243
235 28 853
284 45 1440
220 38 8661
40 9 6717
137 22 6541
139 29 3376
154 41 4443
231 20 7705
269 25 2900
471 12 1165
335 20 775
178 0 4494
129 10 7415
456 29 6413
4 8 7726
208 21 8615
88 8 8402
162 5 3398
443 42 7866
266 29 109
276 0 658
465 4 885
434 43 4241
78 10 8537
232 0 4412
137 32 1792
40 49 4566
480 22 9006
87 40 6607
415 39 6182
415 17 3232
327 10 680
171 38 5452
155 36 9384
480 19 7211
324 10 2777
334 16 6866
461 43 616
286 36 4176
465 14 9750
167 24 3605
208 23 1597
421 23 4982
154 21 1738
356 10 4269
171 5 3708
135 28 3326
383 27 6957
327 40 1022
254 28 2747
458 36 7016
297 49 581
334 32 4045
256 48 5432
267 22 2898
334 35 6010
31 44 783
4 0 4869
16 32 8338
296 7 6131
183 16 4481
155 45 5001
321 15 9614
454 5 3893
40 29 4853
472 1 2383
484 32 2580
489 19 3730
269 34 4023
254 17 5160
327 46 1390
397 30 9374
405 23 1463
296 8 9240
282 48 1860
343 33 2162
179 2 6447
327 17 5394
286 45 9580
382 22 7328
89 18 249
308 29 8687
119 27 1623
405 43 8369
92 10 4174
300 37 8006
290 5 9010
471 35 9916
267 14 7252
258 18 5095
473 27 1586
171 4 6098
26 38 4948
313 38 5621
137 0 6692
171 30 4282
405 12 217
327 47 7801
171 3 6046
287 14 6917
52 30 9027
266 27 5254
135 18 7455
18 5 404
297 13 3710
415 21 5559
58 22 1282
267 36 3677
480 34 9873
327 9 8352
135 13 6776
172 33 6232
4 46 5646
363 25 3416
128 37 4658
16 15 8837
284 40 8478
235 6 9993
212 25 2626
16 10 9459
167 16 4154
168 38 2173
205 28 1207
285 18 7580
167 5 1491
266 19 7567
471 26 3391
171 39 1389
129 25 9143
472 31 9074
289 5 9795
334 49 4001
168 5 6426
135 38 1587
155 26 6302
179 27 673
443 28 2145
307 37 125
324 25 6283
130 24 4957
466 4 712
327 11 7926
4 28 5186
456 31 4158
412 5 1227
267 18 7589
470 13 4288
269 14 2483
432 22 5094
154 30 5047
440 49 2802
137 19 7075
334 6 68
266 16 4196
249 4 9762
440 36 9498
212 9 1676
162 37 2648
466 23 9867
415 46 9364
383 4 4760
235 30 10000
171 2 3205
4 16 578
289 23 154
128 47 6918
171 22 6774
266 25 6689
448 2 4430
415 33 1600
5 9 1667
40 17 1018
383 12 946
171 13 664
355 19 7336
457 23 8291
188 38 2172
34 47 301
232 25 3369
195 46 7824
168 39 8860
171 16 2329
6 19 395
473 18 2795
167 38 4645
415 1 5845
213 27 3714
178 37 1408
354 41 3181
164 25 2510
415 25 78
34 30 2276
378 42 5939
171 42 2940
334 7 4810
145 29 4148
16 22 1223
471 4 2773
369 6 3194
96 19 5150
357 37 3024
402 37 5442
155 44 7488
236 5 9956
387 1 3952
171 44 1388
4 34 9498
254 47 6607
241 20 8547
149 25 8556
387 3 8638
103 41 6526
409 0 7987
168 42 9865
135 25 5522
171 26 7429
78 47 5000
465 0 5110
138 44 7846
286 1 937
409 7 4243
382 3 6445
139 35 6038
327 3 3787
266 37 860
4 35 4790
34 3 4666
78 2 385
218 29 3570
458 34 5250
370 0 9491
222 30 9536
367 12 6059
128 42 4264
5 43 9584
440 11 472
427 16 764
16 42 1389
105 10 4800
302 24 1617
179 48 5597
231 18 160
388 5 720
322 6 900
456 32 1082
258 3 1952
178 4 361
334 37 9849
148 38 4758
241 49 5366
18 39 4329
130 35 2697
415 41 7883
484 37 6120
18 33 7598
327 16 1777
414 44 2524
227 4 3220
436 48 1301
372 38 2528
467 22 2198
16 19 728
383 39 9463
135 43 5262
334 47 2210
456 9 6756
135 11 5438
129 2 9667
327 30 5700
332 29 2416
327 8 8506
472 34 2965
194 13 2265
256 6 3034
129 49 814
95 48 5422
154 13 1162
327 45 5215
132 6 5220
178 35 2451
132 41 1726
162 27 6908
218 24 1348
85 45 1537
269 22 6473
130 10 9668
16 20 2213
223 11 8714
431 29 8888
342 41 6268
471 31 6755
273 46 4285
277 49 2605
129 48 4143
266 31 557
188 2 1900
480 18 869
235 0 4879
456 34 3684
382 23 7536
231 43 2492
367 45 8332
480 21 8480
334 23 5188
415 49 6333
191 31 504
286 2 5545
336 21 8111
363 24 2698
256 39 447
139 47 5414
435 29 8274
174 14 8907
121 42 8205
324 40 3931
415 37 6619
254 40 7954
355 43 3672
79 37 8100
166 47 6672
482 37 2936
4 45 4467
235 26 6894
335 43 2585
415 35 7944
334 20 107
81 34 4835
81 43 8942
421 27 8531
480 27 8596
473 1 3834
405 1 3451
418 24 6881
356 29 3500
52 20 4438
140 35 7042
313 20 8250
89 43 9309
16 6 5487
296 36 6530
490 8 1643
415 12 6770
129 22 7586
334 10 473
196 45 5015
57 18 846
78 18 8805
112 17 9716
155 41 8113
21 19 4755
480 28 6426
34 41 9001
40 44 895
21 0 7024
4 47 512
355 37 8495
193 10 7502
266 26 5683
276 40 8718
435 38 5976
480 24 8590
427 14 7086
449 37 6684
155 43 8028
66 13 3870
457 21 3067
4 26 7771
171 18 1868
467 17 1940
334 25 9901
70 9 5632
470 27 3184
414 28 6533
179 16 725
296 4 7478
129 11 8850
266 13 8593
208 28 8716
300 4 7210
292 48 7656
135 46 7567
135 39 9961
128 25 8972
361 31 8770
352 9 5418
235 40 663
434 27 8483
283 0 5395
157 44 1831
325 20 7976
334 14 6055
70 19 639
16 21 2031
137 17 2448
466 11 1359
167 6 2365
78 29 48
194 4 4997
87 9 7610
4 33 233
40 24 5813
395 6 3406
135 34 9923
266 18 831
40 37 3329
300 29 1560
444 18 7316
36 24 2990
230 11 1464
480 12 7994
220 34 5976
221 1 5217
52 39 9764
58 28 9700
410 48 2417
327 14 1877
171 10 8427
367 5 6218
88 1 2864
208 38 2692
231 4 8587
92 9 7759
155 23 5914
363 34 6801
287 20 6430
432 31 9292
432 15 3266
193 5 8762
296 27 7225
480 25 6751
137 25 7560
415 24 3647
245 24 3269
324 9 5760
334 24 9813
171 34 3802
178 41 926
300 12 5178
404 36 6139
208 9 785
137 18 3314
254 39 6288
16 14 4381
480 7 2973
4 21 4482
411 31 9984
83 34 8164
362 24 6491
287 32 6273
388 17 1267
251 47 2297
135 31 6061
449 39 4417
456 46 6962
24 21 1350
31 3 2767
39 12 1464
454 35 6799
415 8 5259
327 43 8479
480 47 7361
320 25 9012
310 41 5127
170 17 5980
334 30 6214
155 8 7860
155 29 39
298 11 8344
383 24 2894
484 8 6035
212 36 5772
7 37 1967
39 45 3815
162 31 3687
34 27 7905
308 11 7165
130 18 4884
490 20 4510
57 44 6876
27 34 3628
475 27 3399
338 47 454
258 19 3587
327 35 1347
334 28 1584
16 46 3055
355 29 5772
365 18 7206
81 30 5847
213 48 715
192 31 9675
34 42 2733
123 35 5081
128 12 6487
296 2 5784
272 19 6085
167 23 9308
231 41 4682
52 10 1536
231 23 922
367 47 4167
79 39 3234
288 2 6077
405 22 6890
347 39 8463
4 5 4147
267 46 6967
333 42 8658
3 12 973
466 10 2036
84 4 6676
24 10 307
393 49 9864
51 13 4884
363 17 3065
296 49 7639
434 23 2958
354 44 4101
75 3 3829
162 28 7749
267 19 1408
129 42 7559
327 31 9566
178 13 3670
103 45 7222
473 8 3380
466 25 8853
334 17 4299
298 0 8003
258 22 9277
227 44 1700
137 40 216
128 16 3455
473 26 1067
167 40 5145
235 34 2254
471 10 4845
103 33 5344
75 7 7447
432 17 5143
235 21 2347
296 34 4404
57 9 1493
194 45 6720
272 36 236
480 43 975
75 25 788
320 0 8045
128 4 9654
256 45 2953
188 30 8493
54 19 9643
266 36 2994
148 35 4088
191 22 9482
254 25 957
435 28 453
322 4 5693
57 41 886
484 41 4742
284 24 4525
334 1 1442
16 47 3809
353 19 9075
336 3 4685
296 17 8404
383 47 607
325 7 9793
325 26 712
155 18 4895
4 41 8323
482 31 4340
61 39 6867
334 36 1637
411 46 7120
405 44 1845
178 8 6585
171 8 6964
26 8 5577
284 34 9440
296 35 6303
40 0 5994
327 12 8050
302 48 6756
266 47 795
57 40 470
324 1 7020
307 33 2111
137 43 9887
267 42 5725
21 6 7399
320 40 6010
276 37 9269
233 39 3705
326 13 8053
383 18 1167
480 2 103
457 32 3121
481 17 8584
287 4 7160
155 6 6819
278 8 3009
129 31 4000
405 34 2613
335 7 6838
16 38 343
458 44 4090
273 38 6873
281 21 6477
250 19 281
170 8 9214
434 47 2891
361 7 1384
363 20 8027
84 21 7559
141 45 1465
46 29 3868
86 30 1528
161 27 5329
458 39 7292
163 12 3052
313 8 8593
237 7 7818
252 22 6223
405 27 1429
334 26 5636
155 13 3872
466 41 6403
159 28 1509
130 43 7355
171 6 7559
220 18 3873
241 27 9843
203 6 2704
308 20 9242
284 3 5758
89 21 2790
89 9 6577
162 20 2609
232 8 6979
426 20 7337
266 21 1797
361 26 1988
329 33 2141
141 8 2534
203 7 8255
163 48 2203
334 5 3972
373 25 5418
440 30 6360
475 46 1312
357 35 9000
324 22 287
8 40 3889
279 43 9727
112 30 2466
363 32 3700
405 16 9681
39 20 1260
298 38 9888
89 46 7623
337 0 6973
129 4 5336
334 48 592
266 20 8318
322 31 8507
397 26 3290
451 47 1403
382 34 8522
172 48 1580
16 34 8164
138 24 760
89 38 4349
454 13 2130
296 12 6305
334 19 662
132 31 341
490 44 8330
301 16 2237
121 23 284
248 32 4409
189 5 8682
157 0 3156
266 42 8588
13 18 773
296 47 7112
469 20 9550
355 31 7170
208 27 4987
298 19 3272
196 17 2150
138 3 5987
39 15 6397
155 12 4798
363 3 1460
31 24 2846
296 11 1060
414 5 6963
162 40 1904
449 30 701
117 32 7761
208 7 7137
1 1 5733
56 42 7087
163 6 8987
334 21 3004
287 24 5002
84 29 62
137 23 6710
269 4 9067
162 45 3916
213 37 7651
482 19 1866
492 41 1771
269 28 7937
129 27 8461
193 17 8463
283 49 5608
355 25 9502
454 11 8164
327 19 9283
447 19 1694
378 9 9297
339 5 5114
162 35 8912
254 11 8524
273 35 8090
249 26 917
78 26 8254
52 42 3214
247 10 6972
355 15 5686
66 31 5350
162 36 6864
208 48 1389
355 45 1024
355 0 3807
336 47 5207
77 16 2593
260 40 7556
66 41 7886
470 15 6447
84 20 5025
296 37 4852
197 40 310
137 13 5969
193 45 5375
471 41 8512
129 34 6150
6 38 3335
463 16 3074
489 46 5494
471 16 9210
296 40 6946
155 48 584
130 49 155
155 25 5113
320 5 6940
405 35 4431
325 24 2480
34 18 6102
440 17 7274
129 43 229
34 4 3855
339 48 9193
435 32 2097
4 25 580
4 30 7186
171 0 8891
130 45 1008
256 5 6267
162 15 7404
383 3 9447
40 41 7266
78 20 1800
363 7 7419
155 27 6614
178 9 2173
129 18 8395
489 26 1406
434 12 8919
130 27 9448
235 39 8204
8 33 8854
52 14 4432
281 11 2066
196 35 467
154 8 6163
171 14 9921
189 12 5077
21 40 2541
40 3 4960
162 7 1211
471 32 1285
78 42 8958
318 12 1022
456 10 7793
488 4 8819
434 35 6515
16 41 4332
418 46 42
52 35 3571
327 24 3906
196 6 41
9 15 4375
162 13 7735
295 41 1512
9 38 5146
155 14 7840
404 12 1909
26 4 5576
256 26 4415
347 32 2458
34 43 1432
267 45 3258
78 21 3849
57 21 9784
92 2 4179
357 20 8032
169 39 7908
378 36 5148
237 28 3984
21 31 6732
445 26 8733
435 1 9073
327 6 8453
40 40 2838
415 7 6324
235 24 4038
466 12 6695
140 15 1047
440 41 4622
84 34 7209
484 0 8715
34 13 2751
139 33 343
355 2 2412
197 22 9278
196 5 2598
256 44 5095
129 3 5310
3 25 1268
18 48 3748
173 0 9507
267 15 5580
357 48 8031
91 3 7242
421 46 7106
184 10 743
40 36 9664
349 46 9854
178 17 5746
17 38 6789
203 19 2530
320 13 3735
393 34 5496
440 7 5206
16 18 1592
296 0 4406
439 3 243
258 12 4988
178 45 7684
481 49 2848
155 46 3739
74 14 432
129 37 4332
286 40 2359
443 17 4656
9 40 4839
321 4 3351
485 29 7391
139 15 6086
270 47 9644
70 10 6117
14 30 737
484 25 931
320 47 7893
454 18 1717
194 23 5974
440 40 9954
11 16 8290
218 23 1049
171 36 3257
415 36 2941
266 4 964
4 10 621
148 14 2727
18 25 245
363 45 464
415 3 2095
34 2 115
251 38 9209
56 22 6655
484 26 8269
475 35 7915
387 24 7662
235 15 158
139 30 813
488 8 2654
273 20 6262
465 13 3661
89 16 3992
4 18 6717
89 20 6140
86 40 6423
186 28 3841
162 11 9986
327 34 7374
148 18 2655
137 8 2513
305 29 7659
395 40 3486
162 39 8705
258 43 5664
423 43 9003
155 49 866
327 29 229
352 13 3827
355 33 3130
305 46 7286
70 28 5793
415 30 421
213 11 3203
266 34 5835
128 31 2125
132 37 7773
189 23 3728
155 4 5453
121 9 4017
39 40 2317
471 47 2037
34 28 604
449 17 8335
154 22 5735
250 33 5093
445 15 7140
100 14 5743
162 29 9086
8 12 9127
466 28 7537
84 28 9947
326 21 5760
129 44 8442
16 16 8983
286 7 6204
308 12 986
78 12 5337
140 19 4752
436 16 7220
57 19 3108
249 33 2227
477 14 2086
309 31 6772
196 44 6981
103 30 9446
432 42 8647
480 32 8667
352 40 4139
68 18 5681
26 27 9926
235 8 9222
40 15 9701
287 9 8323
107 3 522
464 43 1073
335 47 3684
18 13 5563
334 11 874
52 13 9438
282 15 3152
56 25 1114
281 14 9674
230 26 3955
434 18 1279
256 27 8181
313 22 7272
134 23 9300
482 13 641
254 42 7875
213 22 7329
363 36 7117
180 44 9402
382 44 5736
130 28 8845
159 46 7864
137 37 6319
434 20 1712
402 8 7922
380 32 9318
273 23 9856
79 3 118
324 21 7483
485 19 6504
162 9 417
94 1 3571
135 5 3594
248 24 1092
34 7 9987
334 27 9428
361 20 1800
391 14 1537
34 11 8956
490 21 7114
301 28 4940
154 25 7702
254 41 2287
115 49 4200
155 10 1373
391 19 4109
161 28 2919
57 37 1359
186 42 4652
327 25 3414
39 26 5581
480 9 637
432 19 8664
405 6 4434
194 22 3075
172 14 3149
297 41 9432
167 30 9984
434 45 6189
318 37 1942
296 25 3600
336 8 3190
4 11 9180
382 9 9138
88 11 3270
208 39 3276
172 17 6015
14 39 5778
471 7 4107
7 3 6911
8 5 6213
79 0 2555
155 40 3779
233 44 2106
19 10 6969
193 24 4317
335 14 1057
363 18 6279
92 45 8272
174 31 6813
292 33 5542
149 24 6048
11 2 7635
57 29 7488
148 7 7240
158 35 8494
320 48 1046
57 35 3658
258 11 4652
149 8 7523
480 8 1328
171 33 717
320 1 1460
56 46 5678
363 29 1665
255 37 4034
5 26 4010
129 28 6223
296 39 6571
16 17 2953
334 40 9840
467 7 219
412 0 3101
253 2 1345
266 6 1477
1 18 4788
263 1 8104
137 26 4042
327 0 8878
21 12 964
6 17 943
5 11 7656
352 10 369
480 3 4340
442 41 1065
1 48 2593
358 13 2393
84 44 905
58 3 3657
232 6 905
186 24 8049
70 46 5185
94 46 8847
484 12 9367
321 28 3093
382 10 1175
40 14 3510
208 35 4957
219 46 6375
58 43 5105
34 35 1950
103 18 2242
415 32 3783
415 28 7594
31 16 4651
363 23 3126
78 4 8163
61 46 5364
458 10 2325
208 44 3403
296 26 6544
456 26 9638
466 24 8891
186 26 8143
296 32 298
84 25 8753
194 1 1596
164 42 2562
327 49 417
3 35 9331
186 35 7393
208 15 4993
34 12 3452
378 5 9933
482 35 8628
318 5 1627
258 40 5967
334 13 4532
113 1 2318
415 47 7215
337 43 9429
161 24 562
42 43 7050
367 16 4237
367 46 7147
159 6 7452
313 45 1603
162 2 5977
313 31 7671
178 21 2624
40 45 235
235 46 95
342 34 6886
383 32 9766
4 23 1745
196 36 5099
355 32 3449
273 24 179
110 9 983
298 12 7196
289 29 231
158 47 6065
86 45 2395
187 42 7241
150 9 7529
23 2 7599
220 32 5083
135 23 628
31 23 7802
231 33 8393
205 10 4301
489 29 7283
32 12 3164
415 43 5622
154 18 4994
111 12 6954
197 43 6644
57 17 5197
40 21 3921
354 14 450
4 4 1375
75 38 2423
266 22 7628
487 35 6458
473 36 6188
436 42 5678
148 6 6377
253 1 5805
184 2 1432
164 7 1641
461 2 4910
13 0 3249
324 19 2726
188 3 6363
475 34 4793
159 35 843
80 35 5315
132 48 9364
354 15 5517
367 38 7862
110 29 2248
171 31 1489
40 28 3830
327 5 1490
148 12 4215
167 43 1305
354 34 3830
252 7 1339
466 36 174
415 13 8033
308 48 6376
241 10 3143
369 37 7161
34 40 1703
335 26 3399
138 33 7568
13 26 7615
163 46 8744
254 48 3943
4 19 444
178 7 5139
247 28 3877
303 11 7886
226 15 5446
484 11 4845
421 18 666
226 42 4943
482 12 9413
447 35 1516
16 1 355
76 46 7181
300 9 7172
78 37 9396
319 13 9216
489 47 1321
155 19 3348
197 47 9613
145 30 9821
213 2 433
250 9 5885
139 25 338
458 29 8241
480 42 564
496 42 1802
65 14 7369
292 8 7742
412 30 6595
472 44 6341
16 29 1609
296 19 5712
75 21 3088
4 24 1023
180 11 395
395 14 2566
355 30 9564
16 3 7169
130 1 7572
3 14 7727
89 22 2240
404 19 5311
419 4 9141
303 34 1736
189 2 557
283 36 5607
139 38 5627
167 3 671
364 41 8516
233 34 3992
220 40 9394
4 42 9495
285 36 5996
213 0 2150
249 35 1214
171 41 5138
197 35 5975
8 4 315
139 14 2160
171 32 9388
249 44 9750
270 34 360
337 24 4851
334 44 4568
285 17 3826
74 16 2988
284 5 9388
78 49 8963
360 23 6017
213 46 5382
458 11 3754
58 42 8514
412 37 1361
368 26 7928
284 20 1569
174 33 3039
213 49 4446
14 34 5371
162 46 4149
87 8 6409
84 17 9077
461 4 9225
139 45 1108
327 18 2870
39 36 2433
155 34 6086
130 0 2019
411 30 638
16 9 4301
414 37 8720
383 45 3755
458 14 3303
162 22 9354
171 20 9133
367 26 7394
372 29 9595
333 34 772
355 16 763
100 27 4873
81 24 9897
110 4 6806
318 11 6572
266 40 8656
405 20 1155
270 28 8732
235 3 4198
129 38 639
454 36 5635
296 14 1476
88 37 3496
17 29 8567
391 21 7043
57 16 5997
480 38 8479
440 14 1432
119 23 915
415 16 4039
132 1 1934
471 14 4737
134 39 8669
266 10 4626
466 17 9812
267 9 3043
435 41 8488
383 9 9098
295 19 4414
212 19 1507
405 37 6728
285 27 7120
167 26 8405
256 23 7144
405 48 3962
270 26 1124
163 11 4287
18 22 6774
405 32 4718
57 30 4743
110 37 5615
56 14 9190
415 9 7210
266 46 5329
87 11 2562
458 33 4502
75 35 6127
149 13 9648
158 31 5082
112 21 4615
472 5 6050
266 35 8057
382 29 2087
155 9 6587
195 5 2862
29 16 1954
434 15 9328
218 16 7363
252 1 8455
354 46 3321
440 34 2499
84 36 7031
256 32 6007
326 25 4663
272 18 2123
52 24 5591
155 5 836
174 32 4589
487 6 8287
435 3 2855
405 17 1874
397 14 2826
463 28 6947
103 22 3195
419 28 7872
8 49 7926
286 0 3036
196 14 8243
382 18 4889
284 43 3435
273 13 7893
9 32 6951
471 34 3274
212 30 8560
256 7 3842
419 6 3082
409 47 4451
6 35 5362
139 43 451
356 1 2454
267 49 7135
270 15 7724
431 21 2764
92 3 8214
24 15 4320
325 30 4303
367 24 488
296 20 6513
300 6 9124
153 48 9626
363 13 5492
92 25 5759
463 13 7795
193 47 3965
484 5 1766
488 42 3319
103 29 4245
415 23 8796
34 23 5263
382 13 8518
456 30 9849
46 26 6787
266 49 5096
171 27 6656
355 1 1934
380 12 4742
77 27 2858
186 14 7991
139 39 2979
180 0 553
16 49 3385
320 2 3964
88 6 8782
489 24 1726
129 30 9895
208 41 3248
16 33 2668
266 17 7220
150 41 9666
254 13 693
200 23 1169
195 13 6877
23 18 8260
3 11 6907
255 2 7361
14 15 3767
34 21 4772
258 5 5524
89 23 2081
168 37 9706
355 40 1848
256 4 1475
296 28 6670
16 36 1334
31 9 6028
296 46 2021
233 8 7456
383 19 3186
296 10 7710
374 35 4124
84 30 340
354 42 6645
354 36 9627
196 32 7009
184 12 984
139 5 608
382 5 2517
137 15 3702
65 7 4312
66 43 7706
3 36 8092
103 46 3488
163 31 1580
40 23 1973
139 2 6386
192 46 731
324 17 4113
363 14 1685
273 31 530
272 46 5570
103 7 772
16 27 5778
77 47 6331
287 49 9033
168 16 9671
137 9 9009
125 5 1335
331 31 3375
132 39 8887
498 14 8221
256 49 830
130 37 7339
300 30 8238
249 48 9398
286 22 3733
4 39 2382
130 48 7241
405 10 6489
137 14 2657
440 42 1382
252 49 6119
137 16 6169
367 18 3454
231 42 2555
39 11 6419
66 14 8638
34 20 4022
454 25 1738
104 45 2343
292 35 6554
256 15 2300
77 19 1850
458 31 1534
1 27 2856
334 29 9337
129 19 57
50 48 2920
471 46 641
189 17 6269
90 2 7039
57 22 7897
14 13 5623
162 47 1006
492 18 8028
415 20 3954
34 14 7011
57 23 2101
435 46 5181
369 9 5476
449 29 2376
173 1 1838
5 19 7476
371 13 2878
21 38 7403
231 6 9458
42 3 4299
79 18 7622
78 35 8175
213 1 6240
496 46 8564
171 23 7153
440 5 2065
334 3 559
320 43 423
218 3 5531
259 5 3963
434 0 3393
194 46 4711
213 42 9772
171 11 8863
178 30 9860
3 0 9633
27 18 5254
355 10 5433
363 38 7068
298 8 33
107 35 1470
174 34 4258
454 43 645
461 18 3179
52 40 277
17 3 1913
415 29 7539
285 37 5446
382 12 4004
173 22 3185
129 7 3453
308 0 7506
222 8 9144
398 42 1339
16 11 6334
58 5 9848
57 38 7413
21 7 2523
447 29 1912
295 36 6118
456 21 743
57 36 4361
296 31 4557
168 47 1531
369 27 788
40 43 6777
78 3 9161
39 1 7122
480 13 9163
296 18 9368
383 5 3739
208 13 4599
130 9 673
145 16 8585
218 38 4467
440 47 3829
273 3 5624
2 27 9204
80 0 6033
91 25 4911
405 9 8346
31 17 8499
320 41 1888
399 2 5515
105 15 7143
480 5 529
383 22 816
321 37 3566
139 32 9000
480 33 8066
193 33 7161
222 19 107
173 46 3496
425 27 6468
289 6 4131
21 45 3869
139 49 9416
234 10 4186
220 4 6605
91 1 2128
34 9 2961
369 3 1944
57 1 5950
367 2 7746
481 22 5480
391 6 5881
449 11 1993
497 9 3817
435 5 6726
447 28 3854
318 8 1285
218 39 9517
473 31 10000
57 3 9253
266 33 9259
154 44 5593
367 29 7902
484 7 8363
11 6 1168
197 14 8971
24 9 3032
194 16 5824
196 11 5825
89 39 3553
90 10 99
266 0 1141
247 39 7233
358 27 9925
480 49 9585
363 27 8197
266 7 9402
174 46 3718
387 13 1825
170 49 7469
249 45 6572
32 45 2150
343 29 6492
461 38 9006
367 20 905
130 11 7249
321 21 4901
178 24 9177
162 17 9691
200 16 5653
472 21 9291
286 44 8989
464 15 5092
129 9 9577
356 27 5907
14 24 8791
87 33 2702
286 17 2514
481 46 7800
405 18 1444
473 13 5827
326 5 7065
14 31 6772
65 18 4982
266 1 2757
457 28 2061
454 21 1195
154 33 9767
321 14 4648
454 9 9903
208 37 302
153 39 3940
355 14 1756
51 15 3002
128 6 338
132 38 1018
227 27 5065
296 21 9612
283 38 7900
262 29 3392
137 34 7540
463 24 8281
266 8 6521
113 36 3414
484 18 4920
161 49 7674
213 39 1791
34 1 6532
220 10 5489
363 37 4041
250 25 8084
40 35 550
370 12 1185
8 8 5744
355 18 6448
432 9 1945
188 14 3110
40 39 1420
3 15 5836
473 24 899
266 24 8231
57 15 5271
361 49 1355
440 48 6017
277 32 5789
382 16 4534
227 1 2588
129 36 8790
283 19 4283
196 46 5256
300 47 3203
141 16 6283
327 48 6165
110 39 1084
313 6 2778
489 49 8947
220 33 6188
65 9 4642
38 4 6411
162 18 559
117 46 4667
18 37 861
208 0 2245
79 44 2249
213 26 8638
3 13 3782
368 23 1205
283 5 610
256 19 4930
218 28 4581
246 13 5772
245 41 7455
492 30 6178
52 48 8076
52 7 6996
325 39 8464
371 48 2837
42 45 4547
81 40 9944
132 23 8354
19 48 3592
132 11 2076
454 37 6571
86 43 1719
432 40 649
221 26 8348
72 23 3810
234 26 1874
187 15 6701
195 10 6322
232 40 4740
42 6 8226
75 24 3481
434 25 6202
227 38 5553
134 8 9109
129 6 8977
300 0 3554
194 43 585
471 22 9436
246 23 8430
57 42 1189
4 31 4186
16 28 1883
157 13 3202
230 10 1180
5 23 9163
320 49 6808
51 0 7498
16 25 5916
473 9 2044
475 6 1313
489 10 9901
275 47 1397
316 32 1268
456 49 3654
423 26 6847
253 0 2787
235 43 4512
84 8 8965
100 8 523
235 45 2792
269 32 8818
159 0 7013
235 1 4630
21 24 1134
162 49 6182
325 15 6279
327 42 2707
4 32 7210
134 32 4616
411 42 7425
70 45 4750
148 26 7751
196 25 3467
367 23 5853
488 34 4965
206 44 2998
342 18 1527
58 39 6394
355 23 4331
369 38 5203
158 19 2746
259 8 7492
321 47 1505
288 22 3565
111 6 6786
276 41 3776
115 43 7134
387 14 9005
16 0 3652
52 19 9541
139 7 9247
464 36 1720
148 0 8425
337 21 9895
52 45 4066
334 9 6347
334 0 9717
423 35 9116
263 26 5928
193 29 4863
52 33 6126
141 10 4140
84 23 2587
134 30 6123
105 21 1036
51 43 9894
434 40 7624
98 36 2744
34 17 987
418 27 8277
132 46 4026
395 33 1440
319 3 1053
276 4 3069
57 4 6285
54 3 3205
331 45 733
307 29 5454
450 20 5461
27 37 667
334 2 1208
355 22 2045
440 44 7071
81 46 6663
84 6 6877
137 38 5023
480 39 7862
227 32 4554
61 32 4844
23 43 7374
203 20 6894
74 42 7575
251 30 4912
472 32 1922
319 47 9863
458 2 5198
220 0 6746
300 41 6987
467 29 1561
414 0 992
132 16 9332
254 33 5381
369 19 2635
322 47 7121
18 17 2687
356 39 4470
159 32 6265
313 49 1686
477 9 9231
89 34 208
153 47 4840
454 19 6822
347 15 6963
402 43 195
31 4 5651
308 18 1567
466 33 2142
241 46 9856
163 3 4393
279 24 1343
130 15 1212
472 17 7551
300 49 4695
130 3 9111
23 33 8643
137 31 6013
387 47 9057
234 45 1587
331 39 2022
342 44 9731
295 49 7750
96 26 8058
490 39 9817
319 44 6891
34 8 2492
336 13 3967
23 5 4148
360 37 4899
231 8 9633
464 17 7507
234 18 8263
296 9 7404
127 25 6569
237 48 6484
178 2 8809
484 6 61
395 27 8886
111 18 3522
256 35 1397
39 10 3888
192 42 8170
466 26 5548
61 24 3196
313 21 5866
92 7 6312
15 43 5009
414 29 3195
434 32 627
287 26 5819
360 3 7702
119 24 441
130 4 3139
449 46 4433
472 41 8338
146 48 5749
372 47 5827
458 22 5691
172 32 6118
42 37 5294
343 8 2575
392 47 6471
360 9 326
129 39 7717
86 24 825
465 43 8495
136 23 3851
76 10 4421
234 3 547
128 13 4523
32 11 142
337 9 5120
56 12 9413
178 44 4217
458 46 7291
40 16 4830
372 28 1648
445 23 4816
367 17 1864
57 10 6937
172 5 1869
316 13 6555
86 16 7344
32 39 408
3 31 4876
300 25 74
178 20 1534
313 1 4620
354 43 766
284 22 8131
218 11 1734
16 4 7352
139 22 5318
473 14 6700
125 0 3671
352 1 1169
383 49 3962
363 11 1076
130 31 4612
213 23 6999
129 47 7335
415 27 8538
477 24 6390
402 42 2869
234 11 9922
318 4 742
471 30 6251
61 31 4361
51 21 2908
331 40 6324
39 14 1710
480 10 8200
296 15 3396
129 17 3871
162 24 7871
184 13 457
267 8 5959
440 24 6915
450 47 2993
281 25 3784
367 32 4919
9 16 8966
42 22 2610
319 1 2812
148 41 5331
203 45 6253
189 47 8625
434 21 7238
356 36 9346
383 7 4210
170 45 2445
368 39 7584
489 42 9433
306 15 9007
121 41 177
254 19 7491
3 32 1250
110 6 8320
302 36 2289
171 46 6026
313 25 7878
27 35 3665
333 22 9330
205 19 1688
164 17 4918
360 30 5018
218 10 4095
162 4 3116
329 32 5948
405 40 7799
184 22 5508
78 19 9467
363 4 1523
168 18 1129
383 21 2565
305 5 9559
213 41 8439
276 3 3137
1 14 1679
167 17 4569
255 45 6821
471 44 6850
87 29 3255
303 39 4443
203 11 4639
162 14 5873
435 12 6469
405 29 6773
485 22 357
178 29 9590
267 11 2986
283 28 268
199 0 7464
194 32 9889
132 20 1439
480 29 3417
216 4 4900
380 16 9571
195 17 2751
490 32 6418
193 41 8833
81 19 3090
8 45 6470
369 32 9923
361 0 3049
480 26 8399
84 42 2993
258 41 806
275 12 837
168 6 2322
78 6 8533
303 44 7460
444 34 6756
276 47 3772
463 11 9295
415 26 3395
471 18 7862
76 25 3292
137 7 4936
173 48 3810
42 40 7221
471 13 718
484 42 4021
358 25 7139
371 17 3818
52 29 7895
100 49 9653
197 30 6249
162 8 4524
39 27 4263
89 19 4194
220 30 3556
42 24 7710
256 0 7250
5 18 9086
203 1 1093
454 15 8439
461 45 4577
178 36 1484
92 1 6200
233 5 7677
435 43 8732
16 13 6599
75 41 1657
208 46 3883
196 10 1687
475 21 9796
31 0 850
4 7 4074
188 15 8909
18 40 5133
286 20 9610
418 23 691
266 45 7101
148 25 8868
444 12 5065
34 15 5240
81 48 6972
46 31 3228
498 2 4045
96 17 1377
19 29 7745
232 31 845
128 30 1097
470 24 6466
373 32 3963
378 20 7536
162 25 3931
133 14 770
472 33 9559
11 46 6501
440 31 8631
21 9 197
191 6 7973
58 44 3534
269 11 1265
139 20 5712
34 39 745
256 11 1617
52 18 6106
61 1 1000
2 11 774
231 27 5599
283 32 2838
237 10 9908
445 39 1219
196 2 2231
196 48 9427
258 28 7915
336 28 8771
367 11 5742
128 7 5076
139 28 7833
395 24 9178
285 49 6796
168 14 1683
231 38 9258
111 7 374
480 40 7945
356 7 200
81 33 133
480 0 1915
356 23 114
197 16 3901
89 2 2471
467 4 5834
171 40 2378
442 38 7046
467 32 2782
465 18 8594
1 40 2322
246 17 5078
405 45 6045
321 20 3192
68 45 3105
465 11 2034
250 41 4424
26 46 2964
16 8 9466
289 7 6478
159 38 4891
355 35 2475
485 31 3735
369 23 6443
167 28 9275
75 20 7762
309 3 4665
284 27 9153
193 38 8773
484 19 5920
183 13 8666
92 46 2130
405 38 1719
180 2 2445
113 18 2040
355 48 3274
189 8 7980
58 4 7411
27 22 5991
65 24 4623
481 1 8545
231 44 9967
79 21 6798
278 10 6505
159 8 7287
451 9 9960
42 33 9872
372 25 1047
40 18 2142
146 39 5270
106 14 6890
74 11 4211
481 36 3601
248 28 4081
236 14 1895
128 49 3832
231 12 8244
281 36 6782
178 48 7236
332 21 4001
161 41 8284
303 2 8835
19 8 6055
276 15 4953
266 43 5537
119 10 5156
383 20 7936
262 31 6032
130 8 8035
128 29 9257
167 41 6523
19 37 7025
162 21 4867
11 30 377
454 1 5889
356 32 3943
196 18 3796
434 46 2061
178 46 9870
447 46 8861
445 41 5797
145 7 1692
178 12 6086
331 26 9223
414 9 6772
130 46 3774
337 3 5285
367 27 2043
281 18 8992
130 42 5780
206 41 6496
480 6 7268
355 4 8852
435 14 8460
343 44 9236
248 33 6444
298 9 3446
470 36 7574
383 30 8845
256 25 3964
65 11 1624
358 45 62
196 15 3750
171 28 8197
206 2 9280
434 42 293
324 48 3096
436 23 9558
178 10 7749
18 11 1054
283 37 9660
445 7 3992
405 49 3716
435 40 4012
482 0 5502
367 8 4716
457 39 2480
237 30 9248
310 46 5914
324 30 6969
267 37 5562
250 6 7747
174 37 8825
220 39 4594
206 28 2225
405 39 5537
273 14 5410
186 2 8607
52 17 7850
325 8 3239
258 46 8264
279 3 322
123 7 4091
171 9 5883
325 1 5166
153 15 3573
34 19 5649
186 12 2109
254 31 6450
334 15 5897
249 12 3537
96 1 4438
287 38 3385
13 25 2065
180 15 9036
37 27 6471
285 46 5588
89 28 2640
383 17 2897
301 7 2975
440 12 2564
326 40 7378
281 16 6969
485 48 3379
128 2 723
129 8 6899
81 45 9632
4 37 6401
91 29 2749
79 20 1093
46 22 4228
139 12 7728
473 17 1592
484 27 6911
154 29 764
415 19 2303
426 34 169
52 5 8657
310 27 3449
472 38 7155
283 11 6312
85 0 9937
391 40 4839
267 27 9222
442 15 327
115 22 4558
445 27 1217
450 27 200
358 12 7417
258 0 3365
368 11 3589
72 1 5097
367 42 2103
136 16 231
466 30 8588
4 2 280
87 48 54
110 25 6177
454 10 4921
465 6 763
76 42 2579
303 49 829
24 0 6467
11 7 8455
34 36 5919
470 45 9605
466 3 1127
308 2 2799
78 28 3952
193 20 5020
251 31 8846
139 13 265
421 31 2401
129 13 6610
230 4 3240
8 27 8340
81 26 2689
395 13 8502
367 19 4296
