500 40 2000 30 500
61 82 5 95 116 166 79 118 43 124 60 120 190 163 54 21 56 97 87 142 124 2 77 56 144 159 39 90 45 73 77 72 20 154 102 124 83 40 9 96 3 80 158 78 200 62 111 65 90 46 154 156 199 40 86 119 111 152 100 142 102 20 125 154 64 47 49 97 1 7 103 178 161 77 19 148 111 86 37 99 116 128 36 151 107 70 65 170 68 52 152 129 59 47 23 22 28 95 143 135 6 78 160 106 1 71 133 30 6 18 65 4 163 160 197 111 77 22 112 143 175 8 173 158 123 63 151 127 82 113 16 19 145 146 71 130 16 167 131 8 139 159 110 125 74 182 99 21 51 106 57 80 46 81 10 117 159 160 139 144 66 59 39 82 139 85 64 165 157 59 193 185 28 121 192 143 167 58 158 13 172 5 21 46 152 11 143 101 92 3 10 88 152 36 3 173 82 199 167 171 115 108 137 168 200 130 35 157 91 132 16 83 177 79 127 123 200 156 18 117 171 121 43 137 124 48 38 149 124 111 77 10 197 44 106 24 98 130 177 28 13 46 27 31 72 92 75 138 13 82 73 46 114 182 176 12 77 108 187 107 98 134 5 167 73 124 70 110 144 3 95 194 65 161 105 43 168 179 57 165 56 141 63 108 177 96 6 160 82 53 12 54 139 78 139 118 148 110 20 151 58 200 182 100 116 19 83 145 168 105 55 25 186 162 100 175 66 61 183 56 190 32 191 76 123 58 78 78 131 156 172 27 110 75 116 137 70 120 45 104 164 194 144 27 146 140 38 147 181 63 154 80 85 54 149 135 32 175 169 84 59 101 195 157 73 127 118 162 132 83 55 135 63 122 104 31 150 169 12 33 1 54 85 136 43 70 37 69 39 159 152 58 78 120 4 194 12 41 139 60 144 187 136 122 89 23 62 144 96 144 73 49 151 177 92 106 97 117 16 6 180 48 125 127 100 48 126 81 179 113 85 173 128 170 180 145 121 122 34 118 132 112 96 120 98 71 86 104 36 57 162 139 123 177 108 12 192 7 42 146 57 19 176 144 185 51 179 58 11 30 52 72 48 180 11 191 59 88 60 14 47 195 163 55 161 93 196 94 65 66 101 65 98 30 145 110 47 9 110 183
893 4
23 42
28 108
2 28
20 154
323 4
29 75
7 191
19 96
2 65
992 4
19 180
6 171
22 98
8 172
1317 4
8 121
25 112
0 200
22 200
1968 4
16 71
28 195
13 14
7 6
997 4
22 198
8 18
27 94
0 70
911 4
18 107
14 135
1 15
16 102
223 4
13 149
11 58
28 61
10 105
290 0
1799 4
25 48
0 200
6 178
12 84
404 4
24 118
23 106
19 128
15 40
703 4
1 105
28 164
5 23
21 175
1973 4
14 53
2 63
9 122
21 146
1389 4
13 63
1 179
25 188
8 142
894 4
6 64
26 55
0 171
2 120
1710 4
2 93
8 148
10 173
28 164
1083 4
17 158
21 64
15 176
24 40
933 0
1143 4
12 13
26 41
0 50
24 151
1691 4
11 158
27 151
13 11
17 116
1646 4
21 5
13 45
4 53
6 143
597 4
4 179
20 120
23 50
8 190
436 4
27 106
5 197
1 126
13 161
1523 4
25 130
5 61
15 130
24 78
1750 4
7 125
17 145
11 176
1 58
863 4
14 147
0 95
10 26
19 46
1637 4
11 14
17 172
22 134
8 137
1696 4
28 116
17 17
11 67
18 40
1323 4
4 28
23 194
15 101
29 119
863 4
28 132
25 89
29 63
1 17
1140 4
7 125
1 124
17 149
9 40
1486 4
20 170
2 17
29 155
8 77
506 4
20 169
21 113
7 95
25 181
1226 4
12 162
25 123
5 114
0 13
789 4
3 154
21 104
23 23
18 87
1180 4
27 29
2 30
0 146
11 183
1170 4
15 35
16 109
26 146
29 85
672 4
15 48
13 160
25 39
23 75
1945 4
10 133
23 28
24 123
18 107
217 4
21 29
23 156
4 191
18 162
448 39 599
116 33 4770
145 4 749
293 21 4060
428 35 2132
369 23 5012
324 7 6594
293 13 963
323 25 3734
391 16 7677
423 21 1576
391 17 5855
220 19 3842
256 18 1145
323 15 3861
391 36 3587
293 9 4076
158 1 3926
189 6 762
423 13 2655
369 37 3303
96 36 2026
391 35 3082
80 22 7538
428 15 914
391 9 6458
158 8 7933
427 13 1249
423 34 6454
391 26 7819
391 37 684
137 21 2930
135 6 6160
391 38 5656
391 18 436
428 27 3204
486 34 4652
370 23 6028
281 21 5742
323 36 3088
116 39 841
428 21 2545
384 22 7735
158 31 253
391 10 463
391 23 6535
323 27 5510
104 10 5792
293 22 844
206 4 3276
236 14 7271
475 27 6338
391 39 223
40 10 897
496 25 3559
391 34 5105
6 26 615
427 32 3925
423 23 5658
293 17 6895
9 0 768
158 10 3152
391 27 4118
408 12 4195
9 30 731
369 26 2428
362 4 2473
423 14 500
140 31 3916
389 31 6162
391 15 5985
158 22 3396
323 23 3482
174 2 2035
323 34 1621
423 12 800
158 32 4302
391 24 7628
206 28 674
137 29 3243
391 11 4421
391 21 4956
6 16 1715
323 4 3405
391 14 3309
96 22 173
323 2 1355
391 5 6989
48 30 1109
391 32 767
391 2 2672
137 11 2097
211 19 3260
323 7 195
207 13 4830
414 23 7408
323 1 2064
96 7 2373
293 2 2495
323 0 4444
391 0 7415
138 7 4697
414 22 1827
423 37 6798
189 20 5070
323 35 5820
0 27 6170
158 0 5650
391 3 2898
391 12 1768
369 8 419
428 11 3017
366 35 2044
323 37 7460
323 20 1981
233 17 234
423 15 4268
369 21 6861
189 14 6589
423 38 4083
158 21 6630
220 37 7508
200 22 6930
391 29 4383
423 10 6536
137 9 6507
82 2 7068
258 14 3808
323 24 971
391 20 4154
360 25 2947
138 25 2926
423 9 4722
293 32 5008
221 22 415
293 3 1437
170 15 357
492 33 1712
385 15 5363
97 25 1584
138 32 7112
97 24 1591
207 25 7130
189 0 6756
318 24 7949
423 3 22
428 7 2915
391 31 4636
448 34 7326
475 12 6937
373 37 3124
136 13 1501
391 1 1148
207 4 5456
369 0 4117
323 12 375
391 33 6405
364 22 2839
323 39 6449
323 26 3539
323 8 5760
284 1 7373
158 15 5384
391 28 673
496 13 5769
466 33 1955
423 22 6628
385 38 7773
427 34 6027
495 5 5112
391 4 7742
464 31 2157
116 6 6731
472 9 6224
317 26 1961
443 11 368
391 7 556
158 3 424
323 30 1266
67 30 2551
495 1 2605
423 7 3480
323 22 1075
318 30 6596
323 17 7117
318 31 2672
391 30 7555
361 34 1839
132 38 2875
420 8 3943
494 36 7440
158 6 5414
271 8 4279
408 2 61
369 31 2536
236 20 1624
385 17 694
268 28 5702
391 6 5747
426 17 473
126 16 1902
211 28 3376
323 3 4387
323 5 6936
169 16 3695
360 19 6021
484 28 5026
330 29 2370
116 8 3372
116 37 3022
234 24 6615
158 25 1354
423 11 706
369 29 3486
362 11 4837
391 25 1355
323 38 4829
293 16 4115
323 18 3716
369 20 2001
338 39 132
323 13 6118
369 34 1726
423 28 3946
423 29 4780
323 10 4198
469 7 3265
384 13 4052
189 2 643
423 31 3880
427 0 376
96 17 1343
423 0 1689
414 4 3082
402 19 3605
323 11 5200
423 32 4564
281 39 3156
369 15 4244
195 5 5134
189 38 7098
385 3 4491
443 19 5598
67 31 4038
385 9 5501
31 1 6077
189 12 3619
80 13 740
206 1 4443
347 3 7378
401 23 6971
137 39 4592
337 14 5059
284 38 2317
250 26 4398
48 24 2775
137 32 4177
31 0 4001
137 25 4792
138 19 736
184 24 1048
6 27 3301
29 10 2464
189 21 784
369 17 7361
442 23 3219
247 3 5458
158 38 3015
423 5 5553
369 13 1999
40 32 2252
259 38 1286
137 26 115
369 27 828
391 22 2312
323 9 724
138 24 6927
391 19 3132
189 34 6236
366 28 3219
211 24 2006
400 7 3136
293 10 6865
323 31 1935
284 13 7326
285 1 4425
189 27 2409
31 18 4199
138 28 3614
323 29 1774
279 19 4682
54 9 7639
158 7 7894
427 3 502
428 34 7320
369 7 2086
386 32 7680
408 30 4377
420 34 2190
281 29 7836
369 19 1713
50 30 4549
324 37 1254
158 33 5955
281 24 6761
351 30 1245
284 0 2991
80 15 5069
257 29 5456
432 21 331
427 21 2029
407 16 3826
369 25 3173
9 22 5812
158 19 622
423 39 3258
451 6 4469
174 14 6101
189 36 2372
323 14 5887
369 36 7874
0 8 2796
423 33 3500
158 29 5897
189 3 2458
136 37 2544
402 20 6875
31 24 2207
189 39 3513
138 13 348
116 17 7086
236 1 3081
189 1 5727
140 38 1675
158 36 7461
236 4 5674
323 6 3502
284 18 165
284 39 7308
402 17 755
318 20 7559
391 8 4416
475 32 7528
89 36 4163
386 15 404
236 36 6518
169 7 1660
106 14 1164
298 18 2439
137 12 2124
434 39 2106
206 16 6615
189 32 4788
428 17 5199
400 16 6303
277 34 1395
330 2 4171
360 13 970
116 13 5676
374 27 2541
189 8 1277
284 34 2586
293 8 6236
29 25 182
281 35 16
9 29 1448
85 19 6029
222 18 7573
158 39 827
314 19 6183
128 20 3548
281 7 513
293 5 4837
138 29 2851
323 21 3281
97 22 4141
0 25 50
408 33 2754
323 33 7379
138 10 7848
360 5 7683
9 17 6886
385 30 1767
189 9 187
212 6 7696
389 17 3041
9 10 883
427 26 4817
158 11 108
366 2 5727
206 27 3248
189 26 6402
257 15 5112
137 13 1452
475 19 7056
207 30 5267
496 3 4401
97 26 3888
389 15 167
69 7 1209
360 15 1271
373 12 4860
1 11 5820
318 1 3452
392 0 6550
131 39 1746
277 22 1842
220 24 4018
6 20 1773
402 10 4026
48 37 582
428 38 7240
158 12 2840
448 32 7084
145 33 3775
389 3 7590
318 34 4987
323 28 3536
138 30 3205
423 17 813
428 1 6220
361 7 5318
386 26 3697
252 28 5307
236 13 5035
206 14 3652
381 15 1538
323 32 1050
407 10 7399
317 7 1040
9 32 3908
189 17 1373
318 6 3949
126 10 5232
423 8 1671
369 35 2661
96 21 4589
496 38 1886
138 6 7138
67 23 7905
494 29 5306
221 11 1777
195 17 6952
389 30 577
137 8 2921
427 8 1385
369 18 7608
495 34 2161
200 30 1876
138 3 6223
187 6 4844
138 17 3896
428 37 4323
420 14 3387
137 10 3290
158 9 5377
138 23 4768
318 38 1578
154 28 3048
360 23 4076
21 11 5210
361 5 6388
281 37 7277
207 23 2107
189 10 683
39 15 6293
293 28 371
31 37 7818
257 36 900
221 33 3578
258 29 7761
324 11 6122
434 35 5784
158 30 294
9 26 127
139 1 7506
137 35 1856
318 36 6339
223 18 1715
138 37 5414
408 15 5684
85 36 6498
385 14 5181
390 9 7673
386 25 1420
138 18 716
210 19 7630
391 13 1853
189 30 7602
189 13 4551
317 38 5163
138 39 6568
281 8 6002
361 9 3234
361 2 2441
317 5 6773
408 32 5568
96 5 2922
456 7 5990
175 11 4197
206 12 2206
236 34 2010
158 28 5270
293 12 4566
189 29 7391
128 12 7225
308 35 5091
475 1 724
423 35 6543
293 26 677
420 9 6452
306 26 992
6 14 5147
427 4 1734
158 16 880
399 1 4305
390 8 7315
25 18 199
219 17 1768
423 1 6399
475 29 5897
318 9 3169
385 1 1019
293 36 673
107 23 2935
338 37 5331
397 0 6910
427 30 6025
116 15 2222
385 22 2811
116 38 3004
428 36 7567
189 5 4184
443 25 6738
97 15 3374
419 20 914
423 25 234
381 29 5725
496 5 1661
423 4 462
369 22 4079
409 21 2339
311 0 4693
288 17 1999
138 16 7470
428 28 648
423 18 526
443 22 3008
220 39 6806
459 8 5923
385 4 81
369 6 7056
10 21 3267
259 8 5668
288 7 1134
496 26 4083
50 20 2682
31 19 1524
129 36 3940
472 35 5829
131 2 6812
116 30 6945
365 30 2501
423 16 1559
434 36 5033
405 32 598
420 0 1218
364 17 238
31 20 7132
399 23 1146
369 12 4257
140 0 4576
318 10 1183
281 5 4583
158 20 5592
419 34 2507
193 7 989
284 33 7592
31 26 7986
172 31 4634
244 16 1234
288 4 786
137 18 472
28 24 735
288 15 2172
495 25 7697
136 21 309
475 0 2000
267 21 1881
97 35 7156
323 19 1484
443 23 7619
31 31 724
95 22 4714
138 38 2440
423 36 2483
428 20 3410
427 14 7062
158 26 412
244 30 1383
284 37 1241
137 5 1647
428 8 5158
137 38 4320
499 31 7053
432 27 35
96 14 7809
402 27 5005
229 23 2478
138 11 174
137 17 3055
385 8 4413
365 6 6468
96 11 2888
25 15 982
369 14 1123
218 18 2566
428 30 7675
272 35 3685
258 22 380
427 24 948
496 1 427
293 4 75
389 1 7040
427 28 2087
200 17 4035
389 28 2673
369 24 2178
9 20 3198
207 18 273
9 4 2485
486 15 3844
6 23 6395
362 16 7581
137 2 3724
317 34 6402
170 20 3822
189 22 7197
189 15 1011
370 33 1993
281 25 4593
220 17 4055
244 4 4427
9 19 2763
428 13 7011
140 33 4295
121 14 2651
24 9 757
347 6 5810
136 3 780
318 26 1765
428 39 6517
6 17 5770
6 12 2019
54 16 7195
478 17 2850
31 35 3058
53 1 6566
81 10 2820
472 4 7860
419 13 4827
361 37 1791
40 35 1565
72 10 7917
206 21 3863
207 14 4783
377 5 1392
373 32 169
424 29 5022
423 26 5567
9 21 6018
284 20 5071
293 24 6612
236 37 6633
361 23 4063
427 35 1354
154 3 7720
423 24 5830
400 34 2539
252 31 3596
324 4 1893
423 20 3229
129 11 3492
194 14 6457
189 23 4262
137 23 4814
137 4 1592
293 19 6911
369 2 334
233 1 2631
85 24 6999
211 4 4975
138 0 3135
6 4 4972
132 21 7853
116 28 7457
481 12 464
386 10 2248
31 2 4504
427 1 2754
369 11 2474
207 5 4344
221 37 2141
279 0 3540
242 20 1313
407 36 7225
6 28 2227
386 36 4943
136 20 2588
281 9 5228
31 14 6217
157 25 1932
392 25 3699
54 32 5980
58 31 7537
40 20 6270
281 14 6424
258 36 6078
317 8 4176
281 30 2190
373 9 1539
385 27 5854
284 24 2578
323 16 4361
423 27 1997
189 35 6326
409 24 7264
252 4 2782
475 33 5377
10 22 6380
94 13 5977
100 12 4710
67 9 7244
373 23 6337
337 29 5895
137 1 1233
200 2 5055
284 11 2973
200 34 7332
189 28 1759
2 23 1675
409 38 7813
207 29 7561
277 14 7268
6 6 4518
318 35 1264
255 25 393
442 30 5415
245 1 2859
207 36 1767
271 16 1173
252 39 2425
330 16 5258
50 12 4742
138 2 5288
211 27 2386
495 9 4372
489 21 1615
137 14 3109
409 35 3300
244 37 1596
368 37 6658
137 28 4859
158 14 4250
475 22 2599
489 7 2794
267 26 5575
9 25 6382
271 5 364
245 13 4105
6 24 178
309 5 3408
389 33 7780
452 10 237
428 5 6436
385 39 1641
293 25 4787
116 16 7042
389 6 330
409 22 1066
138 22 3149
298 15 5473
261 25 3339
322 3 1131
369 5 741
207 26 4234
484 32 6483
244 2 6423
389 11 6092
284 4 3570
31 7 1927
409 9 7481
318 3 3634
423 6 7872
9 12 7709
126 19 3126
414 3 1642
337 1 4400
72 28 5647
245 37 1456
206 18 618
31 28 7299
423 19 4599
494 24 2314
61 5 2664
157 12 5366
496 10 782
288 19 4566
423 2 2911
158 34 7166
85 32 4509
284 23 5917
210 6 1803
21 19 7233
138 8 7878
245 21 6178
293 37 6162
95 17 7839
337 17 3519
154 20 2372
210 14 5300
281 27 2503
244 6 5706
116 34 2944
475 2 7016
94 37 7358
158 2 6431
495 11 503
360 27 3132
428 12 2031
245 38 6351
137 19 2125
373 17 1969
67 12 945
386 17 5031
255 20 6956
279 25 5622
2 18 3787
149 15 3436
389 2 7993
194 30 4938
293 30 5891
207 39 3521
490 22 5159
389 8 4092
420 7 269
281 38 3370
31 6 5852
22 28 7305
389 29 3912
137 33 4652
138 26 6054
158 5 5769
255 23 4357
96 18 2637
6 18 6459
272 5 2145
97 13 1719
408 23 3030
31 34 571
136 29 3322
408 21 6379
402 16 3265
317 18 4981
496 9 3478
361 0 4806
451 2 6843
7 38 5118
409 19 7707
140 24 2277
320 37 6571
52 15 1275
139 32 5453
456 23 6331
404 18 3155
427 25 105
191 25 5891
297 3 1762
158 24 2708
207 10 2326
297 29 5498
317 4 7206
199 24 4313
221 6 136
369 16 2093
97 29 5877
253 33 6112
464 22 2021
385 12 1160
244 28 1479
369 32 5845
189 19 7924
448 26 7304
189 11 3377
385 29 3844
466 20 7983
116 4 4208
318 32 7082
475 30 1776
428 4 2566
158 17 7588
0 10 6861
25 4 1684
109 24 4893
351 28 6497
189 18 7697
432 35 5997
428 24 6193
67 24 6556
423 30 6902
285 26 6462
322 19 513
25 34 3259
428 14 148
399 38 4831
466 24 5131
69 29 3662
405 6 4086
53 0 1064
338 12 3859
0 5 3928
293 33 2462
427 5 1688
34 28 1984
9 13 1781
179 1 1248
92 13 1967
50 16 6654
80 8 4316
247 39 7287
448 19 1597
426 26 2370
0 33 4520
293 1 7596
211 38 5108
247 20 940
427 33 7050
137 20 5579
427 7 7402
380 11 2199
409 5 3616
281 32 6763
361 39 1155
284 6 7235
50 34 2454
389 12 1303
31 10 676
272 29 6619
324 5 7693
464 5 4732
145 15 5336
369 38 7273
377 31 1701
281 26 6306
407 38 1775
137 24 6550
427 11 5926
320 30 4314
28 26 3157
369 28 2309
96 35 7851
85 38 4577
424 17 3634
496 24 3970
270 34 669
386 21 4932
427 38 5582
361 20 4113
288 18 2532
495 31 7286
257 34 5554
361 31 7235
475 6 320
318 8 3266
236 26 319
293 20 5743
207 16 3154
200 8 1050
381 32 1176
48 10 554
361 29 6667
459 25 4892
469 10 4594
279 7 2885
397 21 3283
451 0 6809
154 37 5276
385 24 6408
384 6 4559
369 10 1746
427 37 4017
96 19 778
288 27 7235
362 6 7770
397 30 1010
373 0 4915
402 37 6598
22 20 4394
389 38 6224
490 13 101
207 27 1417
221 10 1794
3 21 581
61 32 500
407 26 3628
31 39 4327
351 17 3193
448 12 5505
31 21 7397
24 37 5485
284 9 1867
385 18 7971
131 1 7201
158 18 1280
324 29 94
136 10 184
475 20 5378
140 19 2839
472 36 1973
158 23 1211
489 5 5150
85 7 5740
132 19 2384
100 9 5951
115 26 6396
472 6 3236
389 21 1680
140 3 6725
252 14 2901
138 21 3020
475 37 2271
183 26 1642
409 12 5338
351 20 3681
445 19 6346
389 16 5998
50 29 5832
243 25 5053
318 18 2869
322 14 1849
281 0 6681
427 19 985
9 1 1974
140 28 477
402 32 5915
271 39 2652
236 0 3081
115 34 2651
120 1 2080
81 20 3814
31 22 1731
373 2 6141
399 26 7965
48 17 980
281 28 478
137 27 5390
129 1 6225
385 34 7828
443 17 2664
311 4 5601
130 17 3004
385 11 2513
97 39 1581
204 39 2398
293 18 6691
139 22 4089
259 11 6568
389 9 2164
359 17 2218
495 21 7987
475 38 5563
494 2 1710
158 35 3609
377 35 4642
364 4 1340
281 2 4259
137 3 6455
317 33 3193
450 33 1727
139 21 2782
158 13 1782
262 39 7681
495 0 1266
244 17 6064
244 0 5033
428 31 3743
176 38 4109
96 13 3918
36 7 957
381 37 2486
496 23 7434
369 1 2656
492 15 3443
256 3 7640
408 6 2353
218 35 6923
236 12 3780
451 21 1872
28 20 3650
318 14 1426
6 38 5050
28 6 2928
427 12 5210
200 21 1447
359 5 584
317 9 5533
428 32 3061
281 13 4736
130 1 1155
368 8 2566
284 25 7564
85 9 1265
293 15 3066
236 30 3236
9 6 731
448 5 4795
386 22 7738
93 2 7848
495 37 5608
369 39 2412
454 6 4884
489 31 5593
428 18 4902
389 23 4503
347 11 6869
138 27 4391
317 20 1143
96 6 1565
244 7 447
420 10 2666
116 9 784
293 39 1638
472 19 7451
392 35 2590
420 13 263
347 15 711
236 9 4670
158 4 4439
23 31 695
420 17 3619
432 3 4190
189 31 3078
189 16 6206
360 7 5108
184 29 4424
116 2 6009
206 10 6587
274 32 4361
93 26 2241
360 6 1236
138 14 6391
399 29 5534
137 36 3132
140 17 2865
144 7 3303
281 12 4525
317 21 5159
401 39 4827
445 22 1211
6 8 2944
31 32 5749
150 18 5197
128 4 1202
96 29 1677
257 14 4561
262 38 4441
475 26 6497
414 32 4547
129 26 1963
221 29 4772
337 30 6999
472 37 2813
174 20 4108
95 27 1095
207 9 5879
96 4 3960
200 4 6892
116 26 3896
25 5 105
427 27 3997
494 8 7411
96 16 6639
389 13 64
427 17 3903
322 28 2246
486 16 2171
420 29 1712
48 7 804
322 12 6101
139 16 6631
318 21 431
298 19 4540
408 37 483
443 15 3579
9 14 6836
183 31 7453
128 13 1108
408 16 1725
284 16 5050
258 23 2865
343 9 2502
25 14 664
220 10 4276
189 7 3617
284 21 2020
1 22 579
472 13 1867
92 0 1146
369 4 7044
1 39 674
405 2 1144
189 33 7913
206 29 4596
293 38 5496
158 37 7846
274 36 2004
495 35 7214
207 2 6859
207 32 1324
72 7 1933
281 11 6841
6 0 4268
284 14 3438
211 32 1959
0 36 498
10 20 5787
97 12 1538
116 12 2225
420 2 4291
116 10 1879
445 21 35
85 0 6005
284 29 4144
445 27 5769
28 11 2189
170 5 4777
402 6 3892
7 15 859
492 5 2875
144 11 2356
48 2 7139
206 32 6057
126 27 6657
218 5 754
137 22 369
243 17 2082
126 31 3124
472 33 1323
442 38 1102
138 9 5157
31 5 5110
31 13 5402
95 33 7120
427 29 3354
281 33 7897
96 10 4703
191 19 2755
236 25 2005
137 0 1506
206 33 5270
361 28 2715
129 30 12
25 33 5256
199 9 130
288 1 2922
381 9 2222
140 5 1881
420 25 6047
475 13 3038
293 7 5443
199 6 2091
361 11 6702
132 34 7101
253 21 1022
222 34 6632
170 14 3833
116 25 6477
28 7 5946
231 13 6042
366 13 2056
330 13 7515
218 14 4237
140 26 1404
144 13 6358
362 12 7192
9 3 5691
9 28 1054
174 5 4010
443 3 665
228 8 1947
31 11 181
318 2 7926
426 38 724
236 16 5611
359 23 7758
200 10 1905
236 10 7347
223 38 6832
284 17 387
397 25 1666
475 5 4736
281 22 5360
96 1 7224
48 3 2573
419 19 3591
451 27 2464
427 2 7800
137 30 4541
494 10 4477
285 4 995
135 9 5226
427 6 216
442 11 6929
427 9 6296
154 29 1963
408 10 459
244 31 5627
207 24 2035
466 19 7656
31 16 3597
221 19 3738
6 34 3273
267 23 897
195 22 2803
240 29 231
89 37 3517
85 28 2696
206 15 2169
130 36 5465
284 26 4610
222 21 1834
174 8 3780
397 19 2193
200 5 283
443 20 1278
397 11 7898
194 11 6701
129 38 5920
144 20 2981
228 1 3747
408 0 6017
318 22 3878
175 28 3274
212 26 2438
427 23 7118
158 27 3578
126 30 7382
496 7 3969
6 9 74
206 35 144
472 21 5676
319 12 1560
495 10 6373
419 37 5376
96 2 2311
116 24 3701
428 19 5814
490 17 5915
248 35 2180
252 1 1199
138 1 1926
428 25 397
0 16 3165
451 18 4286
87 38 923
97 19 6550
426 1 7144
495 39 647
256 8 4598
472 34 2214
25 23 3110
494 15 3556
428 9 3754
9 11 5103
407 30 3272
129 15 978
428 26 4784
234 25 6786
149 8 4074
492 14 3253
281 17 1791
107 15 519
495 28 1871
261 32 3184
200 14 6649
172 36 4031
132 18 5291
190 2 7818
193 28 3931
137 37 4227
259 18 4969
284 8 3958
0 12 6958
80 1 1958
445 32 1129
116 19 7426
128 30 4959
281 4 2881
144 28 2106
136 0 6366
61 1 4423
67 26 5277
85 37 3224
281 16 4848
131 34 654
382 10 4317
138 4 5787
6 19 7349
50 22 606
288 22 7833
337 25 5747
82 8 889
122 6 5260
183 36 3321
351 0 3607
85 15 1234
420 33 7372
494 21 4517
360 14 3914
293 29 6449
472 23 5738
140 21 7201
318 12 247
424 24 6662
364 35 1680
389 26 1057
195 3 899
247 11 3244
96 30 7836
347 9 5478
450 9 6725
85 23 6597
490 38 4659
85 12 5951
248 26 1
210 25 6957
206 11 4659
89 12 5080
320 25 7944
420 15 6040
261 36 3208
427 22 3814
448 0 1528
281 23 2434
149 2 7598
443 7 1003
116 22 1187
318 29 6374
366 17 7584
69 3 7410
445 5 5420
138 20 4872
211 16 5195
389 24 6534
385 36 981
409 0 5562
116 23 29
495 14 2366
377 22 956
137 6 4346
389 25 5859
451 16 3248
31 27 2267
223 22 1924
475 9 6613
385 13 7513
244 27 3846
284 28 6757
369 3 6284
330 7 6779
170 2 3934
67 0 5041
272 17 5866
257 22 715
261 11 6931
293 23 4161
97 5 5783
369 30 5574
408 35 4362
451 37 7443
427 39 2510
244 11 4240
270 20 668
93 33 7116
154 19 7068
206 25 5524
457 15 6412
211 14 6502
463 24 7462
200 38 4951
200 33 7405
475 35 2613
472 5 4387
270 28 2795
466 35 7586
496 19 4691
80 28 7479
175 2 3178
22 5 7570
137 31 5419
154 16 7280
365 5 4777
219 1 6913
97 32 3327
207 1 3912
318 23 7480
61 3 7903
432 28 879
9 8 5791
475 11 6790
337 28 250
248 24 4925
0 0 420
445 10 5400
169 17 3169
245 19 5167
472 31 6715
22 38 1509
389 18 858
427 10 5334
386 3 4886
257 4 7953
360 4 288
48 22 3149
93 18 2911
318 33 4996
116 7 3756
6 36 1372
58 14 1258
293 0 3358
390 6 6790
470 38 919
476 39 7560
6 11 7409
427 18 5629
116 21 4387
193 32 5951
200 23 1974
194 17 1575
245 26 955
277 3 3491
176 17 3789
324 10 147
408 26 2437
96 37 3166
385 25 7837
407 0 5248
420 32 1694
22 2 2396
389 20 7514
390 14 5399
149 25 4026
452 23 4487
67 35 1904
317 32 4290
347 24 4870
116 36 2847
42 8 2063
419 11 7972
414 20 4196
499 24 4346
373 16 3896
389 4 4435
454 11 2215
317 11 1159
385 10 7675
200 35 1166
138 36 2157
450 3 1470
211 21 4039
317 36 7600
9 33 414
138 12 6573
51 31 2243
270 19 977
81 35 4937
31 15 6
133 17 4762
132 26 7583
475 8 1673
360 16 4720
236 29 3134
373 5 5264
48 26 70
390 35 2790
361 21 318
257 13 1237
144 32 4623
200 20 424
207 19 6549
456 14 2115
194 0 5221
496 22 6227
338 36 3699
309 22 7308
314 31 4283
31 36 5289
362 35 2816
50 17 5506
495 8 7517
9 9 1181
211 31 5947
359 26 5987
494 5 4868
96 3 2332
221 24 5218
369 33 1798
318 5 4171
211 36 2958
318 15 5290
364 8 6163
28 38 2483
351 22 641
170 22 2456
401 32 4655
190 18 6252
386 30 7214
361 8 3553
268 26 385
490 5 7044
52 3 5277
428 29 6890
53 38 6236
499 11 7024
494 32 656
96 32 3222
281 15 5815
67 29 4363
386 24 4558
494 37 6779
140 4 969
330 0 52
318 28 4649
337 33 1411
284 30 4298
144 33 7965
212 3 7087
466 31 6655
407 3 7396
9 39 7909
220 1 634
420 31 1134
361 1 2683
236 6 5379
338 26 4574
317 1 4564
136 11 7760
442 6 2821
140 35 5149
129 2 1838
361 12 7960
492 21 5794
360 30 5084
496 18 7280
244 22 5291
272 12 3150
351 13 3942
457 1 2881
243 29 7618
31 17 7531
409 27 482
395 38 3634
206 38 4240
279 8 7855
284 2 5149
495 18 2025
407 32 1958
330 19 1434
211 7 2433
390 1 3324
401 20 7394
360 38 7108
405 31 6999
236 11 750
284 3 1957
97 33 3338
390 31 6344
361 19 272
490 2 6277
137 34 922
172 32 4610
129 39 4131
427 16 4696
389 19 1540
115 27 3005
293 34 149
390 29 6146
362 1 637
211 30 5268
189 25 4916
135 26 5366
9 2 192
200 7 5470
116 3 4147
140 8 2013
420 27 6096
136 1 7448
0 30 6963
233 9 4984
138 31 316
211 0 6007
361 35 696
85 14 3819
6 2 1992
139 28 5726
234 1 6836
236 39 890
361 30 3560
206 26 355
133 4 1645
189 24 6434
212 10 1773
140 6 1727
428 22 1355
401 18 1385
298 36 3544
140 25 4508
370 35 7687
129 32 5809
402 11 4026
199 18 13
420 16 1573
428 10 2318
495 30 3338
389 5 6977
97 17 5913
51 30 6212
244 34 5954
284 27 699
183 32 5554
448 10 6177
330 27 4677
96 12 5593
34 19 4260
347 23 1623
170 13 3522
170 17 2562
489 36 4131
351 9 2957
154 39 4792
381 6 2387
6 13 4122
420 18 6165
361 27 1088
338 24 7264
496 2 7964
154 18 7571
279 11 6116
486 37 2152
337 20 3314
48 4 5263
255 2 379
281 31 2605
297 11 2853
386 9 6091
257 16 4086
144 0 5699
390 39 4462
359 34 6545
389 34 6543
472 32 2938
361 17 77
366 6 2377
456 34 7843
194 32 2959
377 29 3386
144 26 2742
389 14 1861
466 37 56
365 27 2898
48 33 1681
337 0 6893
470 18 924
409 15 1307
67 34 5208
389 35 2881
154 7 665
261 18 1126
220 26 7037
247 8 1902
97 9 7522
374 16 5737
93 10 6357
319 4 1537
247 37 6963
338 34 3862
22 30 5778
400 37 4763
204 4 5540
284 22 2105
144 31 2419
385 2 1314
360 39 6049
206 7 5212
284 31 6127
248 17 1564
28 5 3580
221 13 5109
229 30 5105
373 18 4956
116 32 1769
126 9 4926
494 25 2448
318 19 1174
464 14 2535
298 27 3916
397 3 2388
472 17 4289
420 12 1542
229 6 7773
191 13 5401
221 26 3499
365 15 114
131 9 1808
400 22 5100
419 15 2730
200 13 1409
277 12 269
39 7 2063
271 24 5195
39 20 887
36 36 3074
189 4 410
322 38 6731
31 25 3304
364 18 474
236 27 3764
389 27 6602
450 36 122
322 8 1592
279 3 1744
3 1 7556
281 34 931
9 18 5261
9 37 6442
496 0 4527
420 23 4366
454 19 3743
48 6 4771
96 8 7498
116 27 5112
405 36 7843
320 6 7608
284 5 350
466 9 1481
244 9 337
405 1 7350
448 38 2844
24 13 4963
82 13 1708
261 35 6276
220 2 7761
386 16 3210
472 10 7262
313 15 3450
34 30 2522
364 12 254
6 39 6709
450 28 2199
80 4 854
87 33 6140
365 32 3416
385 37 2812
337 15 85
381 0 4485
116 14 2631
189 37 5286
496 32 5006
48 34 6730
81 2 5650
54 10 5523
240 24 6227
443 2 692
288 31 734
116 11 1599
397 7 1805
132 39 5747
279 32 5380
445 7 2151
93 9 1965
476 13 3987
89 1 7455
298 7 1996
140 20 5863
223 27 399
53 31 602
338 13 5692
404 36 4088
308 11 2314
419 9 7905
244 32 3278
475 18 2974
67 25 7953
219 3 369
288 32 4611
93 1 4961
236 5 5960
100 34 1498
281 18 4419
392 13 3164
80 0 6411
131 8 915
400 36 733
274 7 5555
362 5 2988
288 39 5282
207 33 7558
390 34 7470
361 24 3427
404 19 1746
318 0 5822
464 18 7333
360 26 2805
324 25 6799
31 30 2919
174 28 3167
419 1 2453
448 9 4031
370 25 7629
408 25 4379
402 15 426
495 16 3098
100 31 5105
419 22 6675
97 34 2372
93 4 7090
131 29 999
407 25 7455
31 23 5433
212 12 1875
22 8 7650
140 9 566
207 35 644
496 30 4504
270 31 7933
351 18 5312
116 31 2165
475 23 3847
228 0 6213
132 8 1007
472 25 7653
309 16 4123
279 30 4749
31 38 5776
6 10 6857
409 1 3225
499 26 5726
130 39 7786
218 15 5934
470 32 443
223 4 218
67 22 1168
22 4 7932
448 29 5203
211 17 4702
360 20 4417
266 20 7236
445 16 6439
68 35 7704
476 35 2408
21 20 4663
492 2 428
262 19 6910
257 11 878
466 16 157
261 27 1108
337 13 6026
211 26 6441
478 31 7995
219 11 6283
318 39 6467
281 10 2848
448 16 556
313 38 6693
317 28 481
317 24 2814
206 30 7030
318 37 1884
408 7 2656
361 10 7134
206 6 5507
347 27 3945
419 36 5788
279 13 1816
495 22 1675
405 0 5637
270 3 6535
169 27 7264
428 3 1865
459 13 3837
96 33 7500
10 3 2385
281 20 6796
140 30 6626
402 9 1200
347 4 5799
34 4 1795
144 18 1400
25 19 7660
223 6 5840
