100 15 200 10 400
30 38 40 39 7 17 21 10 31 29 16 17 44 38 43 41 8 21 30 40 13 49 21 20 20 9 26 12 48 43 37 50 35 27 37 33 48 26 47 49 43 15 45 13 44 43 41 39 37 29 19 10 25 49 33 45 11 47 37 5 23 44 10 48 25 9 40 7 26 21 17 11 11 48 5 15 13 36 28 24 45 50 40 35 17 23 10 33 34 31 30 32 43 40 16 38 29 50 13 19
1361 3
4 174
6 23
5 161
511 3
5 51
8 94
4 153
958 3
1 156
2 118
0 61
891 3
4 130
7 199
1 141
440 3
8 37
9 144
2 50
500 3
6 108
9 152
7 137
795 3
1 195
4 150
6 60
592 3
4 161
9 118
2 144
896 3
9 154
8 109
4 125
471 3
1 166
3 179
9 195
772 3
3 181
8 60
7 110
1259 3
5 99
6 98
9 138
790 3
6 96
8 21
7 101
988 3
4 129
7 37
5 25
505 3
1 192
6 73
9 18
45 5 3323
49 12 4011
41 0 1246
0 14 3446
47 0 2327
55 14 3413
86 7 2259
87 12 3810
55 9 4492
32 7 2824
55 13 3240
87 10 990
79 0 3646
33 7 1871
51 14 2921
2 2 32
18 14 814
55 10 3243
55 12 3797
55 2 1404
2 4 3128
19 11 1495
2 3 3859
62 12 715
56 2 2966
4 11 3221
89 7 2672
79 6 4405
55 8 4958
19 10 4240
18 12 383
51 13 164
55 4 1333
83 1 1448
2 14 4712
55 0 2061
41 6 489
81 13 1527
62 1 363
32 1 4257
93 7 2141
56 0 2635
19 8 1644
86 1 509
79 1 4391
51 10 133
4 10 181
77 0 386
92 9 3714
32 4 1611
41 5 4480
79 7 3338
33 12 1885
55 7 2502
98 11 4902
4 1 4613
0 9 1862
0 1 1354
55 1 132
55 5 1627
86 10 400
19 4 3610
81 4 2902
32 0 2838
32 10 1508
7 7 1103
49 0 1630
32 3 227
62 9 1844
41 2 127
32 5 2820
79 4 3533
62 13 1245
79 11 2015
45 1 962
86 4 858
86 9 4195
88 10 2218
97 3 252
62 6 1484
1 2 3524
5 3 3278
19 13 4454
59 4 4104
97 12 2722
73 6 2259
59 8 2842
41 8 4110
77 1 3552
1 3 4760
97 14 3554
21 2 745
41 7 3329
62 8 1163
19 3 172
49 8 3131
32 12 1207
39 10 3122
15 3 954
97 11 3644
97 13 1096
62 3 2813
32 9 4231
8 12 1635
32 2 3951
15 13 4309
62 2 269
32 6 3765
18 11 1670
32 11 2987
4 0 3710
56 14 3270
86 12 3481
59 3 1044
32 8 2518
55 6 735
1 4 1141
28 5 3543
47 1 3754
97 4 1941
88 0 1614
56 6 1257
41 11 1504
15 12 4451
49 13 3335
97 9 2299
79 13 1084
5 12 98
62 11 3100
56 12 1972
18 10 246
56 1 3367
25 2 39
55 3 3981
59 14 186
56 11 3282
71 11 167
87 3 4650
45 2 2926
79 10 4190
97 0 2611
61 3 2986
51 3 4674
93 14 4620
97 2 1136
65 6 4634
56 3 357
79 14 1416
25 3 3652
25 1 1747
59 12 2685
65 0 2963
79 5 721
86 8 1462
19 12 4737
98 1 1862
33 1 3206
55 11 4202
59 11 3534
95 13 1211
87 0 4624
62 0 909
15 9 3340
49 3 4010
93 10 3917
51 0 4903
1 5 1808
95 7 4008
87 5 1470
41 10 2875
5 5 4187
49 11 1916
59 10 3767
81 10 1002
62 5 288
71 8 1014
16 6 3878
99 13 2174
45 4 1950
77 9 3124
25 9 3181
59 6 1246
93 6 1105
47 13 4205
84 6 4471
75 13 2628
65 11 1394
25 12 2229
19 6 1536
71 12 3885
81 8 783
97 8 3446
47 12 2162
41 9 726
81 11 4502
5 9 3686
4 14 2539
59 0 2733
73 1 1113
45 3 2101
