100 15 200 10 80
41 41 15 12 46 39 28 41 50 31 46 38 9 7 20 28 21 36 35 19 27 10 26 26 31 7 7 16 23 38 30 20 9 20 10 22 46 8 10 26 10 19 23 47 30 27 37 27 5 35 5 10 36 13 47 17 27 48 6 25 17 41 27 27 39 11 38 44 39 29 12 17 32 13 46 8 37 36 9 34 9 12 13 49 8 18 15 18 9 35 25 40 42 49 49 20 49 22 8 16
986 3
4 65
9 104
6 101
501 3
3 19
8 150
9 175
870 3
9 187
8 63
1 85
753 3
7 94
8 71
6 103
1077 3
9 137
0 21
7 137
1063 3
3 173
6 17
8 112
546 3
5 112
8 34
9 95
1068 3
9 165
4 122
1 119
1326 3
5 146
1 72
3 190
1078 3
0 70
5 198
4 106
449 3
7 152
6 128
3 68
1084 3
2 168
7 23
5 38
922 3
7 190
8 10
2 87
759 3
9 38
7 167
3 130
1393 3
2 158
4 82
7 198
39 8 2311
90 14 2804
94 3 899
90 9 1755
90 1 2820
58 6 574
39 6 2138
66 0 4649
94 13 988
23 8 4094
90 7 539
32 0 1843
10 11 1709
64 13 4693
90 11 2403
52 2 1282
10 3 2109
97 2 3927
19 3 4322
58 12 2398
12 8 2536
38 13 196
90 2 3684
88 7 118
71 11 880
93 10 2030
72 7 3676
97 0 3105
71 3 3254
97 6 3226
26 12 2418
88 10 4756
97 14 2010
9 8 3655
2 10 3816
97 12 454
18 5 488
74 9 3257
90 3 2284
18 1 4351
97 7 4233
64 9 3625
74 12 4728
94 11 2389
93 12 4947
64 12 2432
90 4 4638
97 10 2778
97 9 1364
23 14 2190
89 10 2561
20 6 1241
75 9 4908
71 0 149
93 8 1286
75 8 304
98 3 3847
97 13 4816
93 9 1484
70 2 1965
90 8 602
39 10 2644
64 8 4308
70 14 1808
10 9 2282
93 5 3578
90 10 2315
97 4 2050
66 13 1315
40 2 793
71 2 1585
88 4 1308
90 0 2118
42 0 520
94 0 1484
96 11 955
97 11 3746
76 6 4627
56 1 2309
58 7 1707
71 7 4746
90 6 2118
97 3 4572
19 11 1581
18 13 2086
10 2 3864
10 13 725
2 14 3554
50 3 821
99 11 1622
52 13 4083
96 5 3191
60 8 951
60 5 2800
70 13 987
8 12 881
70 8 4232
39 0 3354
39 5 897
98 4 3593
96 7 4793
10 6 4765
72 9 4854
25 1 388
96 9 289
13 13 4722
99 4 2476
10 8 4634
65 7 1127
89 8 4555
64 10 4116
94 10 3691
64 0 3044
10 7 4800
9 3 3126
26 9 2292
32 14 2778
65 12 1737
72 4 4128
58 10 4620
76 2 2765
97 8 541
94 5 1196
71 14 1371
50 10 849
87 9 1317
10 1 995
39 13 2227
49 11 2146
60 3 2972
94 12 2719
2 9 4772
12 7 4207
9 5 4134
39 2 3523
28 6 3760
55 4 2015
58 8 3291
23 6 3586
90 12 4808
88 11 4049
96 2 1585
94 7 3992
10 12 193
58 2 368
74 0 303
72 6 2979
10 0 2404
58 14 1838
64 14 1977
50 6 3408
9 13 2495
93 13 3032
23 10 3314
28 13 112
1 0 3146
93 14 4973
97 1 730
64 1 1821
58 0 4311
64 7 526
49 9 1596
94 6 4304
39 1 1563
97 5 3212
98 10 2601
64 2 2491
64 3 80
32 13 827
99 14 343
2 13 903
58 4 2678
40 0 4646
1 5 705
55 11 2051
70 4 4328
55 12 350
42 7 4999
90 5 1863
20 8 2870
88 1 2185
9 4 949
25 9 373
66 9 2238
94 1 4473
94 14 365
18 14 801
88 12 4029
70 9 3122
52 7 4785
10 10 2942
55 2 1643
40 6 2533
88 6 1272
9 11 4984
94 8 1848
40 4 3168
76 3 2456
64 11 2285
52 5 4645
