100 15 200 10 200
76 30 51 8 78 50 23 31 9 7 51 7 15 70 5 52 37 53 53 55 7 77 57 37 63 62 19 20 50 64 31 14 51 46 29 24 62 72 59 27 12 10 53 30 19 11 43 44 9 49 76 27 74 25 36 24 44 12 68 37 12 72 8 9 54 44 62 79 29 52 8 19 72 15 40 22 72 22 21 50 71 66 28 47 53 64 22 42 14 45 15 75 16 57 9 20 27 50 44 68
925 4
5 120
3 30
7 202
6 77
788 4
1 6
3 193
7 102
8 214
1977 4
1 241
6 94
9 157
2 226
1462 4
0 196
9 137
3 122
6 64
588 4
9 126
2 152
0 163
8 248
1934 4
6 80
0 138
1 170
3 20
659 4
3 235
4 60
5 237
1 64
740 0
1306 4
0 77
1 75
8 183
9 202
1587 4
3 96
8 172
4 131
7 11
1584 4
6 175
0 23
7 155
3 17
1371 4
0 164
2 97
1 208
9 186
992 0
1112 4
6 140
3 53
8 229
7 168
1994 4
7 144
2 206
8 109
9 37
98 2 349
6 6 2200
13 8 2995
92 13 6906
31 1 631
98 1 131
98 4 9436
98 6 3153
6 12 2133
31 9 3857
98 7 285
98 8 2049
98 0 1277
92 9 2924
98 3 9308
98 10 9237
92 4 3849
6 11 9914
4 4 39
98 9 3725
6 13 7610
54 0 6144
98 13 9129
28 8 5700
98 14 2760
6 10 3648
6 7 7415
92 8 2084
98 11 3205
42 1 5608
42 0 2984
98 5 6992
54 1 4242
54 5 7723
6 0 4969
98 12 4839
92 0 3712
6 5 6735
6 14 4890
92 12 374
74 7 4208
65 10 1215
6 8 4656
27 2 6989
6 1 4516
92 11 7643
54 11 8707
6 4 9739
42 4 6332
27 12 8788
38 4 4633
27 4 3090
92 7 2214
54 4 5844
42 7 3738
31 7 5053
92 14 3030
6 3 964
54 7 7071
92 10 9308
92 2 2932
38 5 3359
66 4 3004
38 12 3770
13 14 7694
38 0 6899
27 5 9601
69 14 8802
28 9 6473
46 1 4106
92 3 5055
27 7 9710
54 12 1766
92 1 2464
63 13 5870
54 9 3961
6 9 8272
34 14 5223
74 14 690
84 2 7354
84 10 829
54 2 5891
2 4 6646
31 5 1399
13 11 2087
82 6 6087
13 9 7494
54 6 1859
42 9 5752
57 4 3009
31 8 1862
31 11 5127
42 2 2637
65 11 1505
31 6 768
46 9 5371
63 14 9083
38 11 9448
90 7 3568
57 3 4929
92 6 9
42 14 6291
54 13 6718
84 11 5841
31 13 9960
31 10 203
31 3 1634
82 8 597
84 6 9225
6 2 4391
90 9 2566
42 13 757
31 14 3518
51 0 1635
27 8 741
2 8 6979
13 5 8722
84 0 3333
4 0 2955
66 13 4330
46 10 3037
42 5 8289
50 4 220
51 9 8658
46 12 9255
92 5 44
82 9 4662
2 9 1871
27 13 6936
90 0 7597
42 6 1726
74 8 2423
96 12 5832
83 8 6232
50 2 3799
54 8 4647
31 0 6580
84 1 8217
38 10 9040
34 4 4497
66 14 359
66 3 8460
13 3 279
66 11 3399
42 10 5137
31 2 5087
27 10 8897
42 12 6606
69 12 7368
54 10 2557
54 14 857
42 3 9072
27 9 7456
61 1 3006
72 12 5170
82 12 1748
84 13 3756
13 13 6141
50 0 7957
72 1 3140
42 11 6888
74 5 5702
46 0 4662
27 1 2585
27 0 33
27 11 6328
46 13 3625
63 6 4021
82 1 9065
63 1 5474
71 11 7992
65 13 9759
76 14 4146
46 2 1925
42 8 3314
65 3 540
82 0 1444
57 6 406
82 14 6938
84 3 5402
4 9 9365
13 10 6755
4 6 1645
63 12 1320
57 12 8349
13 2 5810
54 3 4384
96 4 51
14 9 7069
90 5 8199
82 10 1960
41 7 6647
63 5 5787
31 4 8306
90 4 3912
50 7 1327
46 14 1734
31 12 6259
69 11 7091
84 9 6330
