100 15 250 10 250
18 48 26 20 11 49 46 25 48 10 54 60 12 42 25 15 26 34 57 29 41 22 45 46 11 49 41 11 44 12 32 26 21 19 42 40 47 10 55 19 60 60 56 58 60 60 19 28 32 44 27 38 60 20 20 54 57 51 49 44 50 35 60 17 39 47 34 60 42 25 55 47 35 56 45 49 32 36 44 11 12 40 10 28 57 12 26 32 18 52 40 47 35 32 39 57 45 16 43 50
600 10
3 67
7 65
5 57
6 88
9 91
2 52
1 63
4 84
0 57
8 52
600 10
5 98
0 75
3 73
1 54
2 55
7 85
4 78
9 69
6 98
8 73
600 10
1 92
6 64
7 80
3 74
5 84
9 97
8 88
0 60
4 76
2 77
600 10
2 86
6 60
0 81
3 60
7 74
1 56
5 70
9 51
4 89
8 89
600 10
4 69
7 66
9 89
3 59
5 54
6 100
2 71
1 98
0 80
8 56
600 10
1 64
6 63
2 55
8 86
7 58
3 90
9 100
4 73
0 72
5 84
600 10
3 71
1 61
7 57
4 59
5 99
9 73
8 58
6 50
2 88
0 76
600 10
7 84
4 77
0 79
1 100
8 99
9 52
2 65
5 77
3 52
6 74
600 10
5 71
2 55
0 73
6 59
7 52
3 66
8 98
9 58
1 73
4 97
600 10
4 72
8 51
2 68
7 79
6 72
9 76
1 80
3 69
0 77
5 67
600 10
5 53
0 92
9 56
1 92
3 87
8 91
4 89
6 77
7 80
2 77
600 10
8 53
9 95
6 91
2 87
3 52
4 100
0 98
5 65
7 72
1 98
600 10
8 50
4 94
2 57
7 57
5 75
1 100
9 51
3 81
6 54
0 71
600 10
5 62
3 93
2 91
4 79
0 99
6 71
1 51
9 64
8 83
7 85
600 10
8 66
2 75
1 81
4 87
0 71
7 66
9 64
6 74
5 77
3 56
20 13 6744
66 14 6368
82 8 1204
66 11 2274
66 13 7910
58 8 5299
69 10 3386
11 7 7843
21 3 4419
49 10 7090
57 8 6816
29 5 946
57 3 378
83 12 6354
11 11 882
72 13 5081
32 10 7091
14 3 1601
14 5 7957
72 11 3364
80 12 1904
80 10 2655
66 4 991
5 2 5386
61 4 7596
95 12 4947
14 0 1733
49 1 5685
66 1 2893
65 0 4707
9 11 5697
39 13 5655
85 1 4880
49 11 7432
94 2 7463
85 0 5506
45 9 6670
4 7 2735
75 1 4388
64 7 467
72 4 1429
79 2 2122
7 12 4399
72 10 7737
63 12 1098
94 11 1143
64 1 2227
23 3 501
22 3 3386
39 14 6211
10 5 6043
95 7 3766
45 12 5695
76 12 4786
10 14 5200
57 7 4892
59 1 2223
45 1 6040
76 1 1903
28 2 6127
6 6 4574
6 9 2023
52 4 1967
78 11 6450
58 5 4701
57 5 5696
83 0 3348
79 11 4988
21 8 6640
81 0 6428
41 8 608
5 11 400
66 9 391
24 1 2429
83 2 2457
59 12 1196
63 1 1024
42 14 1628
97 14 7706
91 12 6394
79 5 2283
72 7 6649
55 3 4308
39 7 7961
66 2 1253
59 3 5547
11 8 7819
85 2 7519
27 8 2506
45 2 543
12 3 1965
20 3 2058
30 3 1928
78 6 6122
85 4 709
21 9 7706
72 9 3201
49 0 3343
94 6 3875
52 13 6171
49 12 641
57 10 3294
98 6 6776
79 3 5460
59 2 4628
25 10 5013
51 4 7801
89 10 5798
59 7 376
1 4 3549
66 5 7096
65 9 1434
60 14 7274
35 13 4919
72 5 5100
32 6 2587
72 14 3357
8 12 3236
57 4 199
8 8 2747
78 1 2627
23 14 5443
7 11 6678
88 14 1460
11 9 5614
80 1 6759
85 7 3126
51 1 893
27 12 5108
29 1 5105
75 11 7048
83 4 940
56 11 1081
79 4 4953
88 11 6053
99 14 1258
75 14 2830
4 4 3762
64 2 5062
45 0 1990
48 13 3795
49 5 2479
59 13 4302
72 12 7075
72 1 5503
98 14 1321
72 8 1616
98 0 2342
26 10 4654
9 0 4024
20 0 6114
81 5 441
65 10 7825
96 13 1107
65 3 5025
56 13 7017
71 0 5370
85 6 5527
80 2 6378
72 6 1636
22 5 3074
28 3 1874
66 7 7359
45 5 1534
78 2 2162
85 8 4710
21 1 5102
99 6 4458
97 3 4680
49 2 3941
41 6 1362
14 14 3800
27 1 5198
85 12 3094
39 3 3788
83 8 2164
26 12 7865
42 2 7714
48 8 943
96 4 4123
17 14 1717
18 4 4240
79 9 4875
10 2 739
3 3 3705
72 0 1351
83 10 7193
63 13 1380
29 10 6100
55 4 3821
69 14 2424
95 4 2345
45 7 5669
63 2 2296
46 14 7391
5 14 222
80 7 6475
55 1 3555
80 0 1893
8 10 3490
71 8 6347
5 3 4957
11 5 7865
8 0 7882
45 6 1405
9 2 6293
9 6 1029
85 11 506
60 5 5878
78 12 3440
46 0 7295
49 7 3728
59 5 1530
24 5 2927
20 10 4721
36 9 7177
81 10 6742
94 1 514
35 12 3913
35 0 581
76 11 491
89 14 5114
56 1 4057
83 3 6152
4 2 1183
51 5 3419
85 14 2735
39 11 821
45 11 5732
83 9 6634
29 14 5746
31 9 2569
60 11 862
58 1 4584
66 0 1731
96 12 4619
59 10 5966
72 3 2254
39 10 4853
21 10 3593
63 5 208
55 2 3224
39 0 3874
56 4 5421
48 7 5688
87 2 4491
55 9 2592
14 8 6670
20 4 6231
47 8 5812
