50 10 80 8 200
12 36 42 63 61 16 40 19 34 23 39 75 38 15 60 16 26 44 62 67 57 5 79 23 65 25 58 10 78 18 68 80 7 52 47 36 60 44 62 68 46 26 34 56 73 18 59 23 43 29
978 2
7 36
4 32
720 2
7 183
0 170
1418 2
7 30
6 197
561 2
4 77
5 152
785 2
4 94
1 114
1067 0
705 2
4 24
1 73
1388 2
5 159
3 93
1465 2
0 155
6 150
1482 2
2 20
7 153
27 9 667
44 6 639
7 3 2904
3 5 2507
45 5 888
9 8 900
19 7 2920
34 9 1166
47 7 1387
39 7 1658
49 1 634
45 1 2428
7 4 571
4 4 697
5 0 2682
8 9 2834
34 5 1496
26 6 1301
0 0 805
26 4 2522
19 5 279
25 2 2856
34 8 91
28 6 2380
39 4 1667
39 6 876
12 6 2383
1 3 791
34 7 2478
49 3 980
33 8 2374
23 5 2095
27 7 2324
9 0 1075
47 6 979
26 1 1862
39 3 1953
35 3 73
33 9 1499
8 7 867
28 7 2459
28 4 2411
7 7 2785
45 4 2004
3 3 2716
35 4 2911
39 1 1304
9 4 274
33 4 1683
27 4 2468
19 8 591
2 2 962
30 7 297
4 9 1734
24 7 1390
27 0 1748
5 8 2229
10 0 1872
1 4 926
35 5 1804
25 3 1157
9 6 1391
8 6 122
34 1 558
23 0 1674
24 9 1112
10 9 1173
13 6 1232
5 5 1893
13 5 203
4 2 93
48 2 2011
13 3 2281
26 5 548
44 0 90
41 5 435
26 3 254
12 8 1572
9 1 953
44 4 1401
