50 10 100 8 300
11 29 14 56 46 20 77 52 68 47 65 37 71 79 60 50 58 70 75 33 48 14 36 10 75 13 79 42 10 76 36 21 76 57 55 47 23 27 45 64 57 78 47 5 64 37 33 39 38 29
756 6
0 136
2 107
5 136
7 30
1 33
6 77
555 6
2 15
6 128
0 147
3 55
5 111
4 77
845 6
0 39
2 113
4 48
1 78
3 107
5 15
703 6
4 141
5 126
3 137
7 36
2 133
0 130
993 6
2 150
6 31
5 147
4 54
0 82
3 78
1131 6
0 142
7 133
2 39
4 84
1 62
5 117
715 6
6 48
7 88
3 114
4 40
0 60
1 67
1436 6
2 51
3 133
5 14
1 60
7 16
6 125
837 6
2 25
3 126
7 13
0 138
1 110
4 103
1255 6
2 118
4 113
7 48
6 121
1 67
3 54
22 8 3238
10 1 3188
28 9 785
17 5 2589
1 3 1893
12 9 3978
7 3 1284
17 8 4536
35 3 3741
3 9 4039
12 5 1759
20 8 1739
11 0 4908
34 6 1204
10 3 213
13 8 1851
10 8 2926
34 7 1730
28 7 3289
20 1 816
35 9 3679
27 9 2881
8 7 4328
20 5 1535
39 5 956
34 0 4547
18 5 1612
24 8 302
1 7 1622
44 4 2138
8 1 3556
35 4 4758
43 3 3788
12 2 2294
42 2 2624
27 3 3596
9 9 3986
39 2 3172
17 1 3117
35 6 3800
25 8 3418
13 5 715
27 0 3821
33 9 4608
2 6 1347
25 3 1713
34 9 127
14 6 1857
9 7 2336
11 1 3604
22 1 634
17 9 1319
7 5 4302
47 9 4752
24 6 1198
21 3 1261
30 5 957
33 7 4505
10 9 2666
39 0 3537
25 6 851
15 1 2193
16 4 1956
22 7 1252
9 0 4695
9 4 3310
18 8 1239
24 2 972
8 6 834
11 6 2355
0 2 3488
16 0 2493
3 6 4149
20 9 4483
31 3 3549
17 2 784
2 1 4178
3 5 1731
27 6 3125
48 9 600
39 4 3675
31 0 4629
22 5 3792
48 8 2203
2 0 116
8 0 996
14 8 3348
47 1 124
35 2 3806
15 8 1259
22 4 1130
44 5 1312
9 2 3657
22 0 2076
7 8 4680
32 2 4195
47 6 328
13 2 448
44 8 2692
28 4 4724
