50 10 100 8 300
39 46 80 16 5 40 67 37 44 66 78 6 45 5 37 45 43 43 53 28 62 27 64 40 53 57 30 19 43 53 27 9 8 53 27 55 43 74 74 11 43 33 76 20 71 45 18 6 46 30
904 6
7 54
5 67
6 143
1 92
2 30
4 121
1311 6
0 51
4 50
6 131
1 86
2 53
5 78
1458 6
1 64
2 127
6 120
7 91
4 146
3 97
1195 6
4 80
3 89
1 43
7 128
2 38
0 98
1163 6
0 16
2 62
7 79
3 27
5 15
6 93
1318 6
0 139
7 81
5 64
3 83
1 29
2 126
762 6
0 19
7 146
5 69
6 30
2 60
1 58
770 6
7 40
2 134
4 104
5 38
0 40
1 71
1212 6
5 12
4 22
1 87
0 134
7 32
3 120
539 6
1 71
6 79
5 67
4 108
0 84
7 28
46 9 2656
46 5 575
46 2 2094
37 4 2222
29 5 437
44 9 2974
36 9 3939
38 8 3500
46 0 3976
29 1 3257
46 1 4283
21 6 2791
46 8 610
29 2 2549
46 4 1422
40 9 2286
21 0 458
29 9 4574
21 8 3446
12 4 2607
46 7 3956
38 1 3591
46 6 2474
12 7 680
16 0 3898
46 3 4836
29 7 3674
10 7 2999
26 6 3237
30 4 4153
38 3 2744
40 1 2805
29 6 2610
29 8 1820
26 4 4069
12 5 1777
10 2 551
45 9 394
38 9 3330
21 4 239
21 2 473
21 1 4986
9 3 806
20 4 3287
12 2 3465
36 7 2583
30 9 3541
28 3 594
33 1 4523
45 3 838
33 6 4022
29 3 4303
28 4 4066
45 5 4893
16 4 3246
21 9 3534
37 8 3700
27 8 984
21 3 3883
10 3 4411
22 7 3103
38 7 1364
38 4 1348
42 2 1512
45 2 1178
26 2 2118
36 4 4167
36 6 3619
45 4 208
30 5 1114
23 5 2272
21 7 2555
45 7 3499
45 1 1115
18 2 3974
36 5 3417
42 1 2909
23 0 2874
36 2 1578
9 1 3790
48 3 4536
38 6 1971
23 4 2117
42 5 2324
10 1 3587
33 8 4015
29 0 2034
36 1 4483
26 7 798
30 0 3966
29 4 1725
16 9 2459
10 5 4430
16 2 3495
9 0 3930
28 5 1041
40 8 612
38 2 3630
33 9 412
36 0 1090
