50 10 80 8 200
37 72 18 50 19 29 46 58 52 10 57 56 28 62 78 9 41 69 53 67 56 37 63 49 80 67 30 10 23 70 42 30 23 72 80 68 24 68 72 74 53 19 79 79 17 21 41 73 57 35
1233 2
6 114
0 152
991 2
2 141
6 198
586 2
6 97
2 98
1099 2
7 22
4 55
1162 2
1 132
2 99
864 2
0 74
4 159
829 0
899 2
4 169
5 90
522 2
3 149
6 193
1058 2
2 115
3 110
10 4 2901
22 9 2832
10 6 1424
7 0 1874
10 9 1542
10 8 1801
10 1 2479
10 2 1843
1 5 1293
5 9 2524
41 9 2959
25 9 2176
32 4 1260
25 6 127
14 6 2246
11 2 2918
10 5 2698
25 2 360
34 4 1888
27 7 1268
14 2 2892
25 4 1424
10 3 371
10 7 1918
10 0 2375
5 1 2733
27 3 524
25 3 228
14 9 323
25 7 1720
22 8 2720
34 8 2188
32 6 2000
44 7 180
7 6 1968
25 5 2078
22 0 2255
14 0 2648
16 0 848
25 0 2939
16 2 2610
49 4 1410
14 3 136
22 2 1478
7 9 1884
44 4 2193
14 7 1870
5 3 1588
22 1 901
4 0 302
1 4 2934
41 1 2088
34 6 2365
25 8 1896
14 8 2541
14 5 2400
34 3 2166
41 7 887
25 1 2762
14 1 2620
22 5 2917
22 4 987
1 8 66
41 5 2387
16 6 1349
49 2 947
5 2 2509
41 2 649
4 1 1878
24 2 2566
22 7 1564
49 7 970
49 5 1380
41 0 1503
18 0 2778
28 1 1523
30 6 3000
16 9 1361
18 9 2007
6 7 290
